png 200 200 hw5springanchor-040.png

plane 0 1 0 3
plane 0 0 1 8

color .6 .7 .8
sun 1 1 .5
color .4 .3 .2
sun -.5 1 0

color 1 0 0

color 0 1 0

color 0 0 1

color .4 .4 .4

color 1.0 0.0 0.0
sphere 1.7592610737589642 4.105617573105712 -4.0 1.0
color 0.0 1.0 0.0
sphere 2.5 -0.6554342175087722 -4.0 0.5
color 0.0 0.0 1.0
sphere -0.9648691993523122 -1.2334726895457626 -6.398858591997282 0.5
color 0.4 0.4 0.4
sphere 0.0 0.500000000000002 -4.0 1.0
color 0.4 0.4 0.4
sphere 0.0 -3.5 -4.0 2.0

plane 0 1 0 3
plane 0 0 1 8

color .6 .7 .8
sun 1 1 .5
color .4 .3 .2
sun -.5 1 0

color 1 0 0

color 0 1 0

color 0 0 1

color .4 .4 .4

color 1.0 0.0 0.0
sphere 1.7592610737589642 4.105617573105712 -4.0 1.0
color 0.0 1.0 0.0
sphere 2.5 -0.6554342175087722 -4.0 0.5
color 0.0 0.0 1.0
sphere -0.9648691993523122 -1.2334726895457626 -6.398858591997282 0.5
color 0.4 0.4 0.4
sphere 0.0 0.500000000000002 -4.0 1.0
color 0.4 0.4 0.4
sphere 0.0 -3.5 -4.0 2.0

plane 0 1 0 3
plane 0 0 1 8

color .6 .7 .8
sun 1 1 .5
color .4 .3 .2
sun -.5 1 0

color 1 0 0

color 0 1 0


plane 0 1 0 3
plane 0 0 1 8

color .6 .7 .8
sun 1 1 .5
color .4 .3 .2
sun -.5 1 0

color 1 0 0

color 0 1 0

color 0 0 1

color .4 .4 .4

color 1.0 0.0 0.0
sphere 1.7592610737589642 4.105617573105712 -4.0 1.0
color 0.0 1.0 0.0
sphere 2.5 -0.6554342175087722 -4.0 0.5
color 0.0 0.0 1.0
sphere -0.9648691993523122 -1.2334726895457626 -6.398858591997282 0.5
color 0.4 0.4 0.4
sphere 0.0 0.500000000000002 -4.0 1.0
color 0.4 0.4 0.4
sphere 0.0 -3.5 -4.0 2.0

plane 0 1 0 3
plane 0 0 1 8

color .6 .7 .8
sun 1 1 .5
color .4 .3 .2
sun -.5 1 0

color 1 0 0

color 0 1 0

color 0 0 1

color .4 .4 .4

color 1.0 0.0 0.0
sphere 1.7592610737589642 4.105617573105712 -4.0 1.0
color 0.0 1.0 0.0
sphere 2.5 -0.6554342175087722 -4.0 0.5
color 0.0 0.0 1.0
sphere -0.9648691993523122 -1.2334726895457626 -6.398858591997282 0.5
color 0.4 0.4 0.4
sphere 0.0 0.500000000000002 -4.0 1.0
color 0.4 0.4 0.4
sphere 0.0 -3.5 -4.0 2.0

plane 0 1 0 3
plane 0 0 1 8

color .6 .7 .8
sun 1 1 .5
color .4 .3 .2
sun -.5 1 0

color 1 0 0

color 0 1 0

color 0 0 1

color .4 .4 .4

color 1.0 0.0 0.0
sphere 1.7592610737589642 4.105617573105712 -4.0 1.0
color 0.0 1.0 0.0
sphere 2.5 -0.6554342175087722 -4.0 0.5
color 0.0 0.0 1.0
sphere -0.9648691993523122 -1.2334726895457626 -6.398858591997282 0.5
color 0.4 0.4 0.4
sphere 0.0 0.500000000000002 -4.0 1.0
color 0.4 0.4 0.4
sphere 0.0 -3.5 -4.0 2.0

plane 0 1 0 3
plane 0 0 1 8

color .6 .7 .8
sun 1 1 .5
color .4 .3 .2
sun -.5 1 0

color 1 0 0

color 0 1 0

color 0 0 1

color .4 .4 .4

color 1.0 0.0 0.0
sphere 1.7592610737589642 4.105617573105712 -4.0 1.0
color 0.0 1.0 0.0
sphere 2.5 -0.6554342175087722 -4.0 0.5
color 0.0 0.0 1.0
sphere -0.9648691993523122 -1.2334726895457626 -6.398858591997282 0.5
color 0.4 0.4 0.4
sphere 0.0 0.500000000000002 -4.0 1.0
color 0.4 0.4 0.4
sphere 0.0 -3.5 -4.0 2.0

plane 0 1 0 3
plane 0 0 1 8

color .6 .7 .8
sun 1 1 .5
color .4 .3 .2
sun -.5 1 0

color 1 0 0

color 0 1 0

color 0 0 1

color .4 .4 .4

color 1.0 0.0 0.0
sphere 1.7592610737589642 4.105617573105712 -4.0 1.0
color 0.0 1.0 0.0
sphere 2.5 -0.6554342175087722 -4.0 0.5
color 0.0 0.0 1.0
sphere -0.9648691993523122 -1.2334726895457626 -6.398858591997282 0.5
color 0.4 0.4 0.4
sphere 0.0 0.500000000000002 -4.0 1.0
color 0.4 0.4 0.4
sphere 0.0 -3.5 -4.0 2.0
