png 200 200 hw5springanchor-039.png

plane 0 1 0 3
plane 0 0 1 8

color .6 .7 .8
sun 1 1 .5
color .4 .3 .2
sun -.5 1 0

color 1 0 0

color 0 1 0

color 0 0 1

color .4 .4 .4

color 1.0 0.0 0.0
sphere 1.328859928806744 3.7541245462523354 -4.0 1.0
color 0.0 1.0 0.0
sphere 2.1747766133345983 -0.4824132535029138 -4.0 0.5
color 0.0 0.0 1.0
sphere -1.4765794662348748 -0.6965280984059341 -6.238721483468912 0.5
color 0.4 0.4 0.4
sphere 0.0 0.400000000000002 -4.0 1.0
color 0.4 0.4 0.4
sphere 0.0 -3.5 -4.0 2.0

plane 0 1 0 3
plane 0 0 1 8

color .6 .7 .8
sun 1 1 .5
color .4 .3 .2
sun -.5 1 0

color 1 0 0

color 0 1 0

color 0 0 1

color .4 .4 .4

color 1.0 0.0 0.0
sphere 1.328859928806744 3.7541245462523354 -4.0 1.0
color 0.0 1.0 0.0
sphere 2.1747766133345983 -0.4824132535029138 -4.0 0.5
color 0.0 0.0 1.0
sphere -1.4765794662348748 -0.6965280984059341 -6.238721483468912 0.5
color 0.4 0.4 0.4
sphere 0.0 0.400000000000002 -4.0 1.0
color 0.4 0.4 0.4
sphere 0.0 -3.5 -4.0 2.0

plane 0 1 0 3
plane 0 0 1 8

color .6 .7 .8
sun 1 1 .5
color .4 .3 .2
sun -.5 1 0

color 1 0 0

color 0 1 0


plane 0 1 0 3
plane 0 0 1 8

color .6 .7 .8
sun 1 1 .5
color .4 .3 .2
sun -.5 1 0

color 1 0 0

color 0 1 0

color 0 0 1

color .4 .4 .4

color 1.0 0.0 0.0
sphere 1.328859928806744 3.7541245462523354 -4.0 1.0
color 0.0 1.0 0.0
sphere 2.1747766133345983 -0.4824132535029138 -4.0 0.5
color 0.0 0.0 1.0
sphere -1.4765794662348748 -0.6965280984059341 -6.238721483468912 0.5
color 0.4 0.4 0.4
sphere 0.0 0.400000000000002 -4.0 1.0
color 0.4 0.4 0.4
sphere 0.0 -3.5 -4.0 2.0

plane 0 1 0 3
plane 0 0 1 8

color .6 .7 .8
sun 1 1 .5
color .4 .3 .2
sun -.5 1 0

color 1 0 0

color 0 1 0

color 0 0 1

color .4 .4 .4

color 1.0 0.0 0.0
sphere 1.328859928806744 3.7541245462523354 -4.0 1.0
color 0.0 1.0 0.0
sphere 2.1747766133345983 -0.4824132535029138 -4.0 0.5
color 0.0 0.0 1.0
sphere -1.4765794662348748 -0.6965280984059341 -6.238721483468912 0.5
color 0.4 0.4 0.4
sphere 0.0 0.400000000000002 -4.0 1.0
color 0.4 0.4 0.4
sphere 0.0 -3.5 -4.0 2.0

plane 0 1 0 3
plane 0 0 1 8

color .6 .7 .8
sun 1 1 .5
color .4 .3 .2
sun -.5 1 0

color 1 0 0

color 0 1 0

color 0 0 1

color .4 .4 .4

color 1.0 0.0 0.0
sphere 1.328859928806744 3.7541245462523354 -4.0 1.0
color 0.0 1.0 0.0
sphere 2.1747766133345983 -0.4824132535029138 -4.0 0.5
color 0.0 0.0 1.0
sphere -1.4765794662348748 -0.6965280984059341 -6.238721483468912 0.5
color 0.4 0.4 0.4
sphere 0.0 0.400000000000002 -4.0 1.0
color 0.4 0.4 0.4
sphere 0.0 -3.5 -4.0 2.0

plane 0 1 0 3
plane 0 0 1 8

color .6 .7 .8
sun 1 1 .5
color .4 .3 .2
sun -.5 1 0

color 1 0 0

color 0 1 0

color 0 0 1

color .4 .4 .4

color 1.0 0.0 0.0
sphere 1.328859928806744 3.7541245462523354 -4.0 1.0
color 0.0 1.0 0.0
sphere 2.1747766133345983 -0.4824132535029138 -4.0 0.5
color 0.0 0.0 1.0
sphere -1.4765794662348748 -0.6965280984059341 -6.238721483468912 0.5
color 0.4 0.4 0.4
sphere 0.0 0.400000000000002 -4.0 1.0
color 0.4 0.4 0.4
sphere 0.0 -3.5 -4.0 2.0

plane 0 1 0 3
plane 0 0 1 8

color .6 .7 .8
sun 1 1 .5
color .4 .3 .2
sun -.5 1 0

color 1 0 0

color 0 1 0

color 0 0 1

color .4 .4 .4

color 1.0 0.0 0.0
sphere 1.328859928806744 3.7541245462523354 -4.0 1.0
color 0.0 1.0 0.0
sphere 2.1747766133345983 -0.4824132535029138 -4.0 0.5
color 0.0 0.0 1.0
sphere -1.4765794662348748 -0.6965280984059341 -6.238721483468912 0.5
color 0.4 0.4 0.4
sphere 0.0 0.400000000000002 -4.0 1.0
color 0.4 0.4 0.4
sphere 0.0 -3.5 -4.0 2.0
