png 200 200 hw5springelasticity-017.png

fps 8


color 1 1 1
sun 1 1 1






color 1.0 1.0 1.0
sphere -0.49999999999999994 2.0 -4.0 0.5
color 1.0 1.0 1.0
sphere 1.0 2.0 -4.0 0.5
color 1.0 1.0 1.0
sphere -0.04999999999999999 0.0 -4.0 0.5
color 1.0 1.0 1.0
sphere 1.9749999999999996 0.0 -4.0 0.5
color 1.0 1.0 1.0
sphere 1.2999999999999994 -2.0 -4.0 0.5
color 1.0 1.0 1.0
sphere 2.2999999999999994 -2.0 -4.0 0.5

fps 8


color 1 1 1
sun 1 1 1






color 1.0 1.0 1.0
sphere -0.49999999999999994 2.0 -4.0 0.5
color 1.0 1.0 1.0
sphere 1.0 2.0 -4.0 0.5
color 1.0 1.0 1.0
sphere -0.04999999999999999 0.0 -4.0 0.5
color 1.0 1.0 1.0
sphere 1.9749999999999996 0.0 -4.0 0.5
color 1.0 1.0 1.0
sphere 1.2999999999999994 -2.0 -4.0 0.5
color 1.0 1.0 1.0
sphere 2.2999999999999994 -2.0 -4.0 0.5
