png 200 200 hw5springanchor-076.png

plane 0 1 0 3
plane 0 0 1 8

color .6 .7 .8
sun 1 1 .5
color .4 .3 .2
sun -.5 1 0

color 1 0 0

color 0 1 0

color 0 0 1

color .4 .4 .4

color 1.0 0.0 0.0
sphere -2.0 -1.656251833762013 -6.213940934569515 1.0
color 0.0 1.0 0.0
sphere -0.6481581253950139 1.2584036643088308 -4.0 0.5
color 0.0 0.0 1.0
sphere -0.9286983706302867 -1.0761478713200419 -5.867818352867322 0.5
color 0.4 0.4 0.4
sphere 0.0 4.100000000000004 -4.0 1.0
color 0.4 0.4 0.4
sphere 0.0 -3.5 -4.0 2.0

plane 0 1 0 3
plane 0 0 1 8

color .6 .7 .8
sun 1 1 .5
color .4 .3 .2
sun -.5 1 0

color 1 0 0

color 0 1 0

color 0 0 1

color .4 .4 .4

color 1.0 0.0 0.0
sphere -2.0 -1.656251833762013 -6.213940934569515 1.0
color 0.0 1.0 0.0
sphere -0.6481581253950139 1.2584036643088308 -4.0 0.5
color 0.0 0.0 1.0
sphere -0.9286983706302867 -1.0761478713200419 -5.867818352867322 0.5
color 0.4 0.4 0.4
sphere 0.0 4.100000000000004 -4.0 1.0
color 0.4 0.4 0.4
sphere 0.0 -3.5 -4.0 2.0

plane 0 1 0 3
plane 0 0 1 8

color .6 .7 .8
sun 1 1 .5
color .4 .3 .2
sun -.5 1 0

color 1 0 0

color 0 1 0

plane 0 1 0 3
plane 0 0 1 8

color .6 .7 .8
sun 1 1 .5
color .4 .3 .2
sun -.5 1 0

color 1 0 0

color 0 1 0

color 0 0 1

color .4 .4 .4

color 1.0 0.0 0.0
sphere -2.0 -1.656251833762013 -6.213940934569515 1.0
color 0.0 1.0 0.0
sphere -0.6481581253950139 1.2584036643088308 -4.0 0.5
color 0.0 0.0 1.0
sphere -0.9286983706302867 -1.0761478713200419 -5.867818352867322 0.5
color 0.4 0.4 0.4
sphere 0.0 4.100000000000004 -4.0 1.0
color 0.4 0.4 0.4
sphere 0.0 -3.5 -4.0 2.0

plane 0 1 0 3
plane 0 0 1 8

color .6 .7 .8
sun 1 1 .5
color .4 .3 .2
sun -.5 1 0

color 1 0 0

color 0 1 0

color 0 0 1

color .4 .4 .4

color 1.0 0.0 0.0
sphere -2.0 -1.656251833762013 -6.213940934569515 1.0
color 0.0 1.0 0.0
sphere -0.6481581253950139 1.2584036643088308 -4.0 0.5
color 0.0 0.0 1.0
sphere -0.9286983706302867 -1.0761478713200419 -5.867818352867322 0.5
color 0.4 0.4 0.4
sphere 0.0 4.100000000000004 -4.0 1.0
color 0.4 0.4 0.4
sphere 0.0 -3.5 -4.0 2.0

plane 0 1 0 3
plane 0 0 1 8

color .6 .7 .8
sun 1 1 .5
color .4 .3 .2
sun -.5 1 0

color 1 0 0

color 0 1 0

color 0 0 1

color .4 .4 .4

color 1.0 0.0 0.0
sphere -2.0 -1.656251833762013 -6.213940934569515 1.0
color 0.0 1.0 0.0
sphere -0.6481581253950139 1.2584036643088308 -4.0 0.5
color 0.0 0.0 1.0
sphere -0.9286983706302867 -1.0761478713200419 -5.867818352867322 0.5
color 0.4 0.4 0.4
sphere 0.0 4.100000000000004 -4.0 1.0
color 0.4 0.4 0.4
sphere 0.0 -3.5 -4.0 2.0

plane 0 1 0 3
plane 0 0 1 8

color .6 .7 .8
sun 1 1 .5
color .4 .3 .2
sun -.5 1 0

color 1 0 0

color 0 1 0

color 0 0 1

color .4 .4 .4

color 1.0 0.0 0.0
sphere -2.0 -1.656251833762013 -6.213940934569515 1.0
color 0.0 1.0 0.0
sphere -0.6481581253950139 1.2584036643088308 -4.0 0.5
color 0.0 0.0 1.0
sphere -0.9286983706302867 -1.0761478713200419 -5.867818352867322 0.5
color 0.4 0.4 0.4
sphere 0.0 4.100000000000004 -4.0 1.0
color 0.4 0.4 0.4
sphere 0.0 -3.5 -4.0 2.0

plane 0 1 0 3
plane 0 0 1 8

color .6 .7 .8
sun 1 1 .5
color .4 .3 .2
sun -.5 1 0

color 1 0 0

color 0 1 0

color 0 0 1

color .4 .4 .4

color 1.0 0.0 0.0
sphere -2.0 -1.656251833762013 -6.213940934569515 1.0
color 0.0 1.0 0.0
sphere -0.6481581253950139 1.2584036643088308 -4.0 0.5
color 0.0 0.0 1.0
sphere -0.9286983706302867 -1.0761478713200419 -5.867818352867322 0.5
color 0.4 0.4 0.4
sphere 0.0 4.100000000000004 -4.0 1.0
color 0.4 0.4 0.4
sphere 0.0 -3.5 -4.0 2.0
