png 200 200 hw5springelastic-043.png

fps 8


plane 0 1 0 2

color 1 1 1
sun 1 2 1


color 1.0 1.0 1.0
sphere -1.6441681974208682 -0.932022255787479 -4.0 0.49
color 1.0 1.0 1.0
sphere -2.4580174904082908 -1.4630988612961346 -4.0 0.49
color 1.0 1.0 1.0
sphere -0.9182114329806137 -1.51 -4.0 0.49
color 1.0 1.0 1.0
sphere 0.013366185298684101 -1.51 -4.0 0.49
color 1.0 1.0 1.0
sphere 0.7241391897309355 -0.9346259923540076 -4.0 0.49
color 1.0 1.0 1.0
sphere 2.3305724089740765 -1.5100000000000002 -4.0 0.49
color 1.0 1.0 1.0
sphere 1.3533884412783508 -1.51 -4.0 0.49
