png 200 200 hw5springanchor-110.png

plane 0 1 0 3
plane 0 0 1 8

color .6 .7 .8
sun 1 1 .5
color .4 .3 .2
sun -.5 1 0

color 1 0 0

color 0 1 0

color 0 0 1

color .4 .4 .4

color 1.0 0.0 0.0
sphere -1.7313379692765813 1.9326560779895243 -6.390307116446814 1.0
color 0.0 1.0 0.0
sphere -1.7787048878287681 -1.43858789186641 -5.508255972885057 0.5
color 0.0 0.0 1.0
sphere 0.8571862077130361 2.9807306190029115 -6.682909408443382 0.5
color 0.4 0.4 0.4
sphere 0.0 7.499999999999992 -4.0 1.0
color 0.4 0.4 0.4
sphere 0.0 -3.5 -4.0 2.0

plane 0 1 0 3
plane 0 0 1 8

color .6 .7 .8
sun 1 1 .5
color .4 .3 .2
sun -.5 1 0

color 1 0 0

color 0 1 0

color 0 0 1

color .4 .4 .4

color 1.0 0.0 0.0
sphere -1.7313379692765813 1.9326560779895243 -6.390307116446814 1.0
color 0.0 1.0 0.0
sphere -1.7787048878287681 -1.43858789186641 -5.508255972885057 0.5
color 0.0 0.0 1.0
sphere 0.8571862077130361 2.9807306190029115 -6.682909408443382 0.5
color 0.4 0.4 0.4
sphere 0.0 7.499999999999992 -4.0 1.0
color 0.4 0.4 0.4
sphere 0.0 -3.5 -4.0 2.0

plane 0 1 0 3
plane 0 0 1 8

color .6 .7 .8
sun 1 1 .5
color .4 .3 .2
sun -.5 1 0

color 1 0 0

color 0 1 0

plane 0 1 0 3
plane 0 0 1 8

color .6 .7 .8
sun 1 1 .5
color .4 .3 .2
sun -.5 1 0

color 1 0 0

color 0 1 0

color 0 0 1

color .4 .4 .4

color 1.0 0.0 0.0
sphere -1.7313379692765813 1.9326560779895243 -6.390307116446814 1.0
color 0.0 1.0 0.0
sphere -1.7787048878287681 -1.43858789186641 -5.508255972885057 0.5
color 0.0 0.0 1.0
sphere 0.8571862077130361 2.9807306190029115 -6.682909408443382 0.5
color 0.4 0.4 0.4
sphere 0.0 7.499999999999992 -4.0 1.0
color 0.4 0.4 0.4
sphere 0.0 -3.5 -4.0 2.0

plane 0 1 0 3
plane 0 0 1 8

color .6 .7 .8
sun 1 1 .5
color .4 .3 .2
sun -.5 1 0

color 1 0 0

color 0 1 0

color 0 0 1

color .4 .4 .4

color 1.0 0.0 0.0
sphere -1.7313379692765813 1.9326560779895243 -6.390307116446814 1.0
color 0.0 1.0 0.0
sphere -1.7787048878287681 -1.43858789186641 -5.508255972885057 0.5
color 0.0 0.0 1.0
sphere 0.8571862077130361 2.9807306190029115 -6.682909408443382 0.5
color 0.4 0.4 0.4
sphere 0.0 7.499999999999992 -4.0 1.0
color 0.4 0.4 0.4
sphere 0.0 -3.5 -4.0 2.0

plane 0 1 0 3
plane 0 0 1 8

color .6 .7 .8
sun 1 1 .5
color .4 .3 .2
sun -.5 1 0

color 1 0 0

color 0 1 0

color 0 0 1

color .4 .4 .4

color 1.0 0.0 0.0
sphere -1.7313379692765813 1.9326560779895243 -6.390307116446814 1.0
color 0.0 1.0 0.0
sphere -1.7787048878287681 -1.43858789186641 -5.508255972885057 0.5
color 0.0 0.0 1.0
sphere 0.8571862077130361 2.9807306190029115 -6.682909408443382 0.5
color 0.4 0.4 0.4
sphere 0.0 7.499999999999992 -4.0 1.0
color 0.4 0.4 0.4
sphere 0.0 -3.5 -4.0 2.0

plane 0 1 0 3
plane 0 0 1 8

color .6 .7 .8
sun 1 1 .5
color .4 .3 .2
sun -.5 1 0

color 1 0 0

color 0 1 0

color 0 0 1

color .4 .4 .4

color 1.0 0.0 0.0
sphere -1.7313379692765813 1.9326560779895243 -6.390307116446814 1.0
color 0.0 1.0 0.0
sphere -1.7787048878287681 -1.43858789186641 -5.508255972885057 0.5
color 0.0 0.0 1.0
sphere 0.8571862077130361 2.9807306190029115 -6.682909408443382 0.5
color 0.4 0.4 0.4
sphere 0.0 7.499999999999992 -4.0 1.0
color 0.4 0.4 0.4
sphere 0.0 -3.5 -4.0 2.0

plane 0 1 0 3
plane 0 0 1 8

color .6 .7 .8
sun 1 1 .5
color .4 .3 .2
sun -.5 1 0

color 1 0 0

color 0 1 0

color 0 0 1

color .4 .4 .4

color 1.0 0.0 0.0
sphere -1.7313379692765813 1.9326560779895243 -6.390307116446814 1.0
color 0.0 1.0 0.0
sphere -1.7787048878287681 -1.43858789186641 -5.508255972885057 0.5
color 0.0 0.0 1.0
sphere 0.8571862077130361 2.9807306190029115 -6.682909408443382 0.5
color 0.4 0.4 0.4
sphere 0.0 7.499999999999992 -4.0 1.0
color 0.4 0.4 0.4
sphere 0.0 -3.5 -4.0 2.0
