png 200 200 hw5springanchor-045.png

plane 0 1 0 3
plane 0 0 1 8

color .6 .7 .8
sun 1 1 .5
color .4 .3 .2
sun -.5 1 0

color 1 0 0

color 0 1 0

color 0 0 1

color .4 .4 .4

color 1.0 0.0 0.0
sphere 0.27839542019111896 4.363082707372596 -4.0 1.0
color 0.0 1.0 0.0
sphere 1.4332072099510578 -0.7195867881255668 -4.0 0.5
color 0.0 0.0 1.0
sphere 1.5936821350605008 -0.589166226580515 -7.199544134639132 0.5
color 0.4 0.4 0.4
sphere 0.0 1.000000000000002 -4.0 1.0
color 0.4 0.4 0.4
sphere 0.0 -3.5 -4.0 2.0

plane 0 1 0 3
plane 0 0 1 8

color .6 .7 .8
sun 1 1 .5
color .4 .3 .2
sun -.5 1 0

color 1 0 0

color 0 1 0

color 0 0 1

color .4 .4 .4

color 1.0 0.0 0.0
sphere 0.27839542019111896 4.363082707372596 -4.0 1.0
color 0.0 1.0 0.0
sphere 1.4332072099510578 -0.7195867881255668 -4.0 0.5
color 0.0 0.0 1.0
sphere 1.5936821350605008 -0.589166226580515 -7.199544134639132 0.5
color 0.4 0.4 0.4
sphere 0.0 1.000000000000002 -4.0 1.0
color 0.4 0.4 0.4
sphere 0.0 -3.5 -4.0 2.0

plane 0 1 0 3
plane 0 0 1 8

color .6 .7 .8
sun 1 1 .5
color .4 .3 .2
sun -.5 1 0

color 1 0 0

color 0 1 0


plane 0 1 0 3
plane 0 0 1 8

color .6 .7 .8
sun 1 1 .5
color .4 .3 .2
sun -.5 1 0

color 1 0 0

color 0 1 0

color 0 0 1

color .4 .4 .4

color 1.0 0.0 0.0
sphere 0.27839542019111896 4.363082707372596 -4.0 1.0
color 0.0 1.0 0.0
sphere 1.4332072099510578 -0.7195867881255668 -4.0 0.5
color 0.0 0.0 1.0
sphere 1.5936821350605008 -0.589166226580515 -7.199544134639132 0.5
color 0.4 0.4 0.4
sphere 0.0 1.000000000000002 -4.0 1.0
color 0.4 0.4 0.4
sphere 0.0 -3.5 -4.0 2.0

plane 0 1 0 3
plane 0 0 1 8

color .6 .7 .8
sun 1 1 .5
color .4 .3 .2
sun -.5 1 0

color 1 0 0

color 0 1 0

color 0 0 1

color .4 .4 .4

color 1.0 0.0 0.0
sphere 0.27839542019111896 4.363082707372596 -4.0 1.0
color 0.0 1.0 0.0
sphere 1.4332072099510578 -0.7195867881255668 -4.0 0.5
color 0.0 0.0 1.0
sphere 1.5936821350605008 -0.589166226580515 -7.199544134639132 0.5
color 0.4 0.4 0.4
sphere 0.0 1.000000000000002 -4.0 1.0
color 0.4 0.4 0.4
sphere 0.0 -3.5 -4.0 2.0

plane 0 1 0 3
plane 0 0 1 8

color .6 .7 .8
sun 1 1 .5
color .4 .3 .2
sun -.5 1 0

color 1 0 0

color 0 1 0

color 0 0 1

color .4 .4 .4

color 1.0 0.0 0.0
sphere 0.27839542019111896 4.363082707372596 -4.0 1.0
color 0.0 1.0 0.0
sphere 1.4332072099510578 -0.7195867881255668 -4.0 0.5
color 0.0 0.0 1.0
sphere 1.5936821350605008 -0.589166226580515 -7.199544134639132 0.5
color 0.4 0.4 0.4
sphere 0.0 1.000000000000002 -4.0 1.0
color 0.4 0.4 0.4
sphere 0.0 -3.5 -4.0 2.0

plane 0 1 0 3
plane 0 0 1 8

color .6 .7 .8
sun 1 1 .5
color .4 .3 .2
sun -.5 1 0

color 1 0 0

color 0 1 0

color 0 0 1

color .4 .4 .4

color 1.0 0.0 0.0
sphere 0.27839542019111896 4.363082707372596 -4.0 1.0
color 0.0 1.0 0.0
sphere 1.4332072099510578 -0.7195867881255668 -4.0 0.5
color 0.0 0.0 1.0
sphere 1.5936821350605008 -0.589166226580515 -7.199544134639132 0.5
color 0.4 0.4 0.4
sphere 0.0 1.000000000000002 -4.0 1.0
color 0.4 0.4 0.4
sphere 0.0 -3.5 -4.0 2.0

plane 0 1 0 3
plane 0 0 1 8

color .6 .7 .8
sun 1 1 .5
color .4 .3 .2
sun -.5 1 0

color 1 0 0

color 0 1 0

color 0 0 1

color .4 .4 .4

color 1.0 0.0 0.0
sphere 0.27839542019111896 4.363082707372596 -4.0 1.0
color 0.0 1.0 0.0
sphere 1.4332072099510578 -0.7195867881255668 -4.0 0.5
color 0.0 0.0 1.0
sphere 1.5936821350605008 -0.589166226580515 -7.199544134639132 0.5
color 0.4 0.4 0.4
sphere 0.0 1.000000000000002 -4.0 1.0
color 0.4 0.4 0.4
sphere 0.0 -3.5 -4.0 2.0
