png 200 200 hw5springanchor-104.png

plane 0 1 0 3
plane 0 0 1 8

color .6 .7 .8
sun 1 1 .5
color .4 .3 .2
sun -.5 1 0

color 1 0 0

color 0 1 0

color 0 0 1

color .4 .4 .4

color 1.0 0.0 0.0
sphere -1.0371480641669308 -0.4168359805026191 -7.000000000000001 1.0
color 0.0 1.0 0.0
sphere -2.5 0.2479007610042665 -2.5 0.5
color 0.0 0.0 1.0
sphere 2.247145826593757 -1.5749710894900766 -5.032778287352504 0.5
color 0.4 0.4 0.4
sphere 0.0 6.899999999999994 -4.0 1.0
color 0.4 0.4 0.4
sphere 0.0 -3.5 -4.0 2.0

plane 0 1 0 3
plane 0 0 1 8

color .6 .7 .8
sun 1 1 .5
color .4 .3 .2
sun -.5 1 0

color 1 0 0

color 0 1 0

color 0 0 1

color .4 .4 .4

color 1.0 0.0 0.0
sphere -1.0371480641669308 -0.4168359805026191 -7.000000000000001 1.0
color 0.0 1.0 0.0
sphere -2.5 0.2479007610042665 -2.5 0.5
color 0.0 0.0 1.0
sphere 2.247145826593757 -1.5749710894900766 -5.032778287352504 0.5
color 0.4 0.4 0.4
sphere 0.0 6.899999999999994 -4.0 1.0
color 0.4 0.4 0.4
sphere 0.0 -3.5 -4.0 2.0

plane 0 1 0 3
plane 0 0 1 8

color .6 .7 .8
sun 1 1 .5
color .4 .3 .2
sun -.5 1 0

color 1 0 0

color 0 1 0

plane 0 1 0 3
plane 0 0 1 8

color .6 .7 .8
sun 1 1 .5
color .4 .3 .2
sun -.5 1 0

color 1 0 0

color 0 1 0

color 0 0 1

color .4 .4 .4

color 1.0 0.0 0.0
sphere -1.0371480641669308 -0.4168359805026191 -7.000000000000001 1.0
color 0.0 1.0 0.0
sphere -2.5 0.2479007610042665 -2.5 0.5
color 0.0 0.0 1.0
sphere 2.247145826593757 -1.5749710894900766 -5.032778287352504 0.5
color 0.4 0.4 0.4
sphere 0.0 6.899999999999994 -4.0 1.0
color 0.4 0.4 0.4
sphere 0.0 -3.5 -4.0 2.0

plane 0 1 0 3
plane 0 0 1 8

color .6 .7 .8
sun 1 1 .5
color .4 .3 .2
sun -.5 1 0

color 1 0 0

color 0 1 0

color 0 0 1

color .4 .4 .4

color 1.0 0.0 0.0
sphere -1.0371480641669308 -0.4168359805026191 -7.000000000000001 1.0
color 0.0 1.0 0.0
sphere -2.5 0.2479007610042665 -2.5 0.5
color 0.0 0.0 1.0
sphere 2.247145826593757 -1.5749710894900766 -5.032778287352504 0.5
color 0.4 0.4 0.4
sphere 0.0 6.899999999999994 -4.0 1.0
color 0.4 0.4 0.4
sphere 0.0 -3.5 -4.0 2.0

plane 0 1 0 3
plane 0 0 1 8

color .6 .7 .8
sun 1 1 .5
color .4 .3 .2
sun -.5 1 0

color 1 0 0

color 0 1 0

color 0 0 1

color .4 .4 .4

color 1.0 0.0 0.0
sphere -1.0371480641669308 -0.4168359805026191 -7.000000000000001 1.0
color 0.0 1.0 0.0
sphere -2.5 0.2479007610042665 -2.5 0.5
color 0.0 0.0 1.0
sphere 2.247145826593757 -1.5749710894900766 -5.032778287352504 0.5
color 0.4 0.4 0.4
sphere 0.0 6.899999999999994 -4.0 1.0
color 0.4 0.4 0.4
sphere 0.0 -3.5 -4.0 2.0

plane 0 1 0 3
plane 0 0 1 8

color .6 .7 .8
sun 1 1 .5
color .4 .3 .2
sun -.5 1 0

color 1 0 0

color 0 1 0

color 0 0 1

color .4 .4 .4

color 1.0 0.0 0.0
sphere -1.0371480641669308 -0.4168359805026191 -7.000000000000001 1.0
color 0.0 1.0 0.0
sphere -2.5 0.2479007610042665 -2.5 0.5
color 0.0 0.0 1.0
sphere 2.247145826593757 -1.5749710894900766 -5.032778287352504 0.5
color 0.4 0.4 0.4
sphere 0.0 6.899999999999994 -4.0 1.0
color 0.4 0.4 0.4
sphere 0.0 -3.5 -4.0 2.0

plane 0 1 0 3
plane 0 0 1 8

color .6 .7 .8
sun 1 1 .5
color .4 .3 .2
sun -.5 1 0

color 1 0 0

color 0 1 0

color 0 0 1

color .4 .4 .4

color 1.0 0.0 0.0
sphere -1.0371480641669308 -0.4168359805026191 -7.000000000000001 1.0
color 0.0 1.0 0.0
sphere -2.5 0.2479007610042665 -2.5 0.5
color 0.0 0.0 1.0
sphere 2.247145826593757 -1.5749710894900766 -5.032778287352504 0.5
color 0.4 0.4 0.4
sphere 0.0 6.899999999999994 -4.0 1.0
color 0.4 0.4 0.4
sphere 0.0 -3.5 -4.0 2.0
