png 200 200 hw5springradius-016.png

fps 8


plane 0 1 0 3

color 1 1 1
sun 1 1 1

color 1 0 0

color 0 0.6 0

color 0 0.3 1
color 1.0 0.0 0.0
sphere -0.2765328646960325 -1.6221890671383805 -4.0 0.5
color 0.0 0.6 0.0
sphere 0.7300527455592365 0.10604280654843139 -4.0 1.5
color 0.0 0.3 1.0
sphere 2.7444960919799084 0.9811554100715032 -4.0 0.25

fps 8


plane 0 1 0 3

color 1 1 1
sun 1 1 1

color 1 0 0

color 0 0.6 0

color 0 0.3 1
color 1.0 0.0 0.0
sphere -0.2765328646960325 -1.6221890671383805 -4.0 0.5
color 0.0 0.6 0.0
sphere 0.7300527455592365 0.10604280654843139 -4.0 1.5
color 0.0 0.3 1.0
sphere 2.7444960919799084 0.9811554100715032 -4.0 0.25

fps 8


plane 0 1 0 3

color 1 1 1
sun 1 1 1

color 1 0 0

color 0 0.6 0

color 0 0.3 1
color 1.0 0.0 0.0
sphere -0.33277308409378015 -1.646100675854586 -4.0 0.5
color 0.0 0.6 0.0
sphere 0.6242313720229947 0.21710837488779428 -4.0 1.5
color 0.0 0.3 1.0
sphere 2.75 0.9121820408029975 -4.0 0.25
