png 200 200 hw5springradius-022.png

fps 8


plane 0 1 0 3

color 1 1 1
sun 1 1 1

color 1 0 0

color 0 0.6 0

color 0 0.3 1
color 1.0 0.0 0.0
sphere 2.0566543017394596 -1.8446008061117298 -4.0 0.5
color 0.0 0.6 0.0
sphere 0.9082838616691017 0.7990118426312995 -4.0 1.5
color 0.0 0.3 1.0
sphere 1.3118276896087668 2.501848411105151 -4.0 0.25

fps 8


plane 0 1 0 3

color 1 1 1
sun 1 1 1

color 1 0 0

color 0 0.6 0

color 0 0.3 1
color 1.0 0.0 0.0
sphere 2.0566543017394596 -1.8446008061117298 -4.0 0.5
color 0.0 0.6 0.0
sphere 0.9082838616691017 0.7990118426312995 -4.0 1.5
color 0.0 0.3 1.0
sphere 1.3118276896087668 2.501848411105151 -4.0 0.25

fps 8


plane 0 1 0 3

color 1 1 1
sun 1 1 1

color 1 0 0

color 0 0.6 0

color 0 0.3 1
color 1.0 0.0 0.0
sphere 2.5 -1.557617185982372 -4.0 0.5
color 0.0 0.6 0.0
sphere -0.5073141769803566 -1.5000000000000002 -4.0 1.5
color 0.0 0.3 1.0
sphere 0.5341600289237833 2.1230239475212325 -4.0 0.25
