png 200 200 hw5springelastic-023.png

fps 8


plane 0 1 0 2

color 1 1 1
sun 1 2 1


color 1.0 1.0 1.0
sphere -2.5 -0.7100000000000001 -4.0 0.49
color 1.0 1.0 1.0
sphere -1.5 -1.2990625000000005 -4.0 0.49
color 1.0 1.0 1.0
sphere -0.5 -1.4959375 -4.0 0.49
color 1.0 1.0 1.0
sphere 0.5222583645825694 -1.51 -4.0 0.49
color 1.0 1.0 1.0
sphere 0.2756645215722986 -0.7228901322214953 -4.0 0.49
color 1.0 1.0 1.0
sphere 2.5100000000000002 -1.51 -4.0 0.49
color 1.0 1.0 1.0
sphere 1.6804709512165545 -1.0498069542001052 -4.0 0.49
