png 200 200 hw5springelastic-042.png

fps 8


plane 0 1 0 2

color 1 1 1
sun 1 2 1


color 1.0 1.0 1.0
sphere -1.7035821413639192 -1.180238287704219 -4.0 0.49
color 1.0 1.0 1.0
sphere -2.51 -1.5099999999999998 -4.0 0.49
color 1.0 1.0 1.0
sphere -0.8397253959807289 -1.4726849869089482 -4.0 0.49
color 1.0 1.0 1.0
sphere 0.09320402280333176 -1.5099999999999998 -4.0 0.49
color 1.0 1.0 1.0
sphere 0.7475478496598007 -0.8361062839612724 -4.0 0.49
color 1.0 1.0 1.0
sphere 2.210709036693583 -1.4880240405088871 -4.0 0.49
color 1.0 1.0 1.0
sphere 1.2477333198604788 -1.51 -4.0 0.49
