png 200 200 hw5springmass-037.png

fps 8

color 1 1 1
sun 1 1 1



color 1.0 1.0 1.0
sphere -2.700000000000001 2.0 -4.0 0.5
color 1.0 1.0 1.0
sphere 2.700000000000001 2.0 -4.0 0.5
color 1.0 1.0 1.0
sphere -1.2333333333333343 0.0 -4.0 0.5
color 1.0 1.0 1.0
sphere 4.166666666666665 0.0 -4.0 0.5
color 1.0 1.0 1.0
sphere 0.9000000000000001 -2.0 -4.0 0.5
color 1.0 1.0 1.0
sphere 6.300000000000001 -2.0 -4.0 0.5

fps 8

color 1 1 1
sun 1 1 1



color 1.0 1.0 1.0
sphere -2.700000000000001 2.0 -4.0 0.5
color 1.0 1.0 1.0
sphere 2.700000000000001 2.0 -4.0 0.5
color 1.0 1.0 1.0
sphere -1.2333333333333343 0.0 -4.0 0.5
color 1.0 1.0 1.0
sphere 4.166666666666665 0.0 -4.0 0.5
color 1.0 1.0 1.0
sphere 0.9000000000000001 -2.0 -4.0 0.5
color 1.0 1.0 1.0
sphere 6.300000000000001 -2.0 -4.0 0.5
