png 200 200 hw5springanchor-098.png

plane 0 1 0 3
plane 0 0 1 8

color .6 .7 .8
sun 1 1 .5
color .4 .3 .2
sun -.5 1 0

color 1 0 0

color 0 1 0

color 0 0 1

color .4 .4 .4

color 1.0 0.0 0.0
sphere -0.22717194051011577 0.5035550268101554 -5.770332402902348 1.0
color 0.0 1.0 0.0
sphere -1.0251244444913237 -0.32086645634835914 -4.804102089003619 0.5
color 0.0 0.0 1.0
sphere -0.9348787875368547 -0.511663963907215 -7.419968303353884 0.5
color 0.4 0.4 0.4
sphere 0.0 6.299999999999996 -4.0 1.0
color 0.4 0.4 0.4
sphere 0.0 -3.5 -4.0 2.0

plane 0 1 0 3
plane 0 0 1 8

color .6 .7 .8
sun 1 1 .5
color .4 .3 .2
sun -.5 1 0

color 1 0 0

color 0 1 0

color 0 0 1

color .4 .4 .4

color 1.0 0.0 0.0
sphere -0.22717194051011577 0.5035550268101554 -5.770332402902348 1.0
color 0.0 1.0 0.0
sphere -1.0251244444913237 -0.32086645634835914 -4.804102089003619 0.5
color 0.0 0.0 1.0
sphere -0.9348787875368547 -0.511663963907215 -7.419968303353884 0.5
color 0.4 0.4 0.4
sphere 0.0 6.299999999999996 -4.0 1.0
color 0.4 0.4 0.4
sphere 0.0 -3.5 -4.0 2.0

plane 0 1 0 3
plane 0 0 1 8

color .6 .7 .8
sun 1 1 .5
color .4 .3 .2
sun -.5 1 0

color 1 0 0

color 0 1 0

plane 0 1 0 3
plane 0 0 1 8

color .6 .7 .8
sun 1 1 .5
color .4 .3 .2
sun -.5 1 0

color 1 0 0

color 0 1 0

color 0 0 1

color .4 .4 .4

color 1.0 0.0 0.0
sphere -0.22717194051011577 0.5035550268101554 -5.770332402902348 1.0
color 0.0 1.0 0.0
sphere -1.0251244444913237 -0.32086645634835914 -4.804102089003619 0.5
color 0.0 0.0 1.0
sphere -0.9348787875368547 -0.511663963907215 -7.419968303353884 0.5
color 0.4 0.4 0.4
sphere 0.0 6.299999999999996 -4.0 1.0
color 0.4 0.4 0.4
sphere 0.0 -3.5 -4.0 2.0

plane 0 1 0 3
plane 0 0 1 8

color .6 .7 .8
sun 1 1 .5
color .4 .3 .2
sun -.5 1 0

color 1 0 0

color 0 1 0

color 0 0 1

color .4 .4 .4

color 1.0 0.0 0.0
sphere -0.22717194051011577 0.5035550268101554 -5.770332402902348 1.0
color 0.0 1.0 0.0
sphere -1.0251244444913237 -0.32086645634835914 -4.804102089003619 0.5
color 0.0 0.0 1.0
sphere -0.9348787875368547 -0.511663963907215 -7.419968303353884 0.5
color 0.4 0.4 0.4
sphere 0.0 6.299999999999996 -4.0 1.0
color 0.4 0.4 0.4
sphere 0.0 -3.5 -4.0 2.0

plane 0 1 0 3
plane 0 0 1 8

color .6 .7 .8
sun 1 1 .5
color .4 .3 .2
sun -.5 1 0

color 1 0 0

color 0 1 0

color 0 0 1

color .4 .4 .4

color 1.0 0.0 0.0
sphere -0.22717194051011577 0.5035550268101554 -5.770332402902348 1.0
color 0.0 1.0 0.0
sphere -1.0251244444913237 -0.32086645634835914 -4.804102089003619 0.5
color 0.0 0.0 1.0
sphere -0.9348787875368547 -0.511663963907215 -7.419968303353884 0.5
color 0.4 0.4 0.4
sphere 0.0 6.299999999999996 -4.0 1.0
color 0.4 0.4 0.4
sphere 0.0 -3.5 -4.0 2.0

plane 0 1 0 3
plane 0 0 1 8

color .6 .7 .8
sun 1 1 .5
color .4 .3 .2
sun -.5 1 0

color 1 0 0

color 0 1 0

color 0 0 1

color .4 .4 .4

color 1.0 0.0 0.0
sphere -0.22717194051011577 0.5035550268101554 -5.770332402902348 1.0
color 0.0 1.0 0.0
sphere -1.0251244444913237 -0.32086645634835914 -4.804102089003619 0.5
color 0.0 0.0 1.0
sphere -0.9348787875368547 -0.511663963907215 -7.419968303353884 0.5
color 0.4 0.4 0.4
sphere 0.0 6.299999999999996 -4.0 1.0
color 0.4 0.4 0.4
sphere 0.0 -3.5 -4.0 2.0

plane 0 1 0 3
plane 0 0 1 8

color .6 .7 .8
sun 1 1 .5
color .4 .3 .2
sun -.5 1 0

color 1 0 0

color 0 1 0

color 0 0 1

color .4 .4 .4

color 1.0 0.0 0.0
sphere -0.22717194051011577 0.5035550268101554 -5.770332402902348 1.0
color 0.0 1.0 0.0
sphere -1.0251244444913237 -0.32086645634835914 -4.804102089003619 0.5
color 0.0 0.0 1.0
sphere -0.9348787875368547 -0.511663963907215 -7.419968303353884 0.5
color 0.4 0.4 0.4
sphere 0.0 6.299999999999996 -4.0 1.0
color 0.4 0.4 0.4
sphere 0.0 -3.5 -4.0 2.0
