png 200 200 hw5springanchor-048.png

plane 0 1 0 3
plane 0 0 1 8

color .6 .7 .8
sun 1 1 .5
color .4 .3 .2
sun -.5 1 0

color 1 0 0

color 0 1 0

color 0 0 1

color .4 .4 .4

color 1.0 0.0 0.0
sphere -1.0128080146655418 3.3175617879327275 -4.0 1.0
color 0.0 1.0 0.0
sphere 1.88361958850713 -0.06672819699225051 -4.0 0.5
color 0.0 0.0 1.0
sphere 1.9882897331174374 0.4216675468389705 -7.339862891471631 0.5
color 0.4 0.4 0.4
sphere 0.0 1.3000000000000023 -4.0 1.0
color 0.4 0.4 0.4
sphere 0.0 -3.5 -4.0 2.0

plane 0 1 0 3
plane 0 0 1 8

color .6 .7 .8
sun 1 1 .5
color .4 .3 .2
sun -.5 1 0

color 1 0 0

color 0 1 0

color 0 0 1

color .4 .4 .4

color 1.0 0.0 0.0
sphere -1.0128080146655418 3.3175617879327275 -4.0 1.0
color 0.0 1.0 0.0
sphere 1.88361958850713 -0.06672819699225051 -4.0 0.5
color 0.0 0.0 1.0
sphere 1.9882897331174374 0.4216675468389705 -7.339862891471631 0.5
color 0.4 0.4 0.4
sphere 0.0 1.3000000000000023 -4.0 1.0
color 0.4 0.4 0.4
sphere 0.0 -3.5 -4.0 2.0

plane 0 1 0 3
plane 0 0 1 8

color .6 .7 .8
sun 1 1 .5
color .4 .3 .2
sun -.5 1 0

color 1 0 0

color 0 1 0


plane 0 1 0 3
plane 0 0 1 8

color .6 .7 .8
sun 1 1 .5
color .4 .3 .2
sun -.5 1 0

color 1 0 0

color 0 1 0

color 0 0 1

color .4 .4 .4

color 1.0 0.0 0.0
sphere -1.0128080146655418 3.3175617879327275 -4.0 1.0
color 0.0 1.0 0.0
sphere 1.88361958850713 -0.06672819699225051 -4.0 0.5
color 0.0 0.0 1.0
sphere 1.9882897331174374 0.4216675468389705 -7.339862891471631 0.5
color 0.4 0.4 0.4
sphere 0.0 1.3000000000000023 -4.0 1.0
color 0.4 0.4 0.4
sphere 0.0 -3.5 -4.0 2.0

plane 0 1 0 3
plane 0 0 1 8

color .6 .7 .8
sun 1 1 .5
color .4 .3 .2
sun -.5 1 0

color 1 0 0

color 0 1 0

color 0 0 1

color .4 .4 .4

color 1.0 0.0 0.0
sphere -1.0128080146655418 3.3175617879327275 -4.0 1.0
color 0.0 1.0 0.0
sphere 1.88361958850713 -0.06672819699225051 -4.0 0.5
color 0.0 0.0 1.0
sphere 1.9882897331174374 0.4216675468389705 -7.339862891471631 0.5
color 0.4 0.4 0.4
sphere 0.0 1.3000000000000023 -4.0 1.0
color 0.4 0.4 0.4
sphere 0.0 -3.5 -4.0 2.0

plane 0 1 0 3
plane 0 0 1 8

color .6 .7 .8
sun 1 1 .5
color .4 .3 .2
sun -.5 1 0

color 1 0 0

color 0 1 0

color 0 0 1

color .4 .4 .4

color 1.0 0.0 0.0
sphere -1.0128080146655418 3.3175617879327275 -4.0 1.0
color 0.0 1.0 0.0
sphere 1.88361958850713 -0.06672819699225051 -4.0 0.5
color 0.0 0.0 1.0
sphere 1.9882897331174374 0.4216675468389705 -7.339862891471631 0.5
color 0.4 0.4 0.4
sphere 0.0 1.3000000000000023 -4.0 1.0
color 0.4 0.4 0.4
sphere 0.0 -3.5 -4.0 2.0

plane 0 1 0 3
plane 0 0 1 8

color .6 .7 .8
sun 1 1 .5
color .4 .3 .2
sun -.5 1 0

color 1 0 0

color 0 1 0

color 0 0 1

color .4 .4 .4

color 1.0 0.0 0.0
sphere -1.0128080146655418 3.3175617879327275 -4.0 1.0
color 0.0 1.0 0.0
sphere 1.88361958850713 -0.06672819699225051 -4.0 0.5
color 0.0 0.0 1.0
sphere 1.9882897331174374 0.4216675468389705 -7.339862891471631 0.5
color 0.4 0.4 0.4
sphere 0.0 1.3000000000000023 -4.0 1.0
color 0.4 0.4 0.4
sphere 0.0 -3.5 -4.0 2.0

plane 0 1 0 3
plane 0 0 1 8

color .6 .7 .8
sun 1 1 .5
color .4 .3 .2
sun -.5 1 0

color 1 0 0

color 0 1 0

color 0 0 1

color .4 .4 .4

color 1.0 0.0 0.0
sphere -1.0128080146655418 3.3175617879327275 -4.0 1.0
color 0.0 1.0 0.0
sphere 1.88361958850713 -0.06672819699225051 -4.0 0.5
color 0.0 0.0 1.0
sphere 1.9882897331174374 0.4216675468389705 -7.339862891471631 0.5
color 0.4 0.4 0.4
sphere 0.0 1.3000000000000023 -4.0 1.0
color 0.4 0.4 0.4
sphere 0.0 -3.5 -4.0 2.0
