png 200 200 hw5springball-012.png

fps 8


plane 0 1 0 3

color 1 1 1
sun 1 1 1

color 1 0 0

color 0 0.6 0

color 0 0.3 1
color 1.0 0.0 0.0
sphere 0.0 -0.3999999999999997 -4.0 0.5
color 0.0 0.6 0.0
sphere 1.0008831023301905 -0.45546750606861397 -4.0 0.5
color 0.0 0.3 1.0
sphere 1.6994112651132056 0.555467506068614 -4.0 0.5

fps 8


plane 0 1 0 3

color 1 1 1
sun 1 1 1

color 1 0 0

color 0 0.6 0

color 0 0.3 1
color 1.0 0.0 0.0
sphere 0.0 -0.3999999999999997 -4.0 0.5
color 0.0 0.6 0.0
sphere 1.0008831023301905 -0.45546750606861397 -4.0 0.5
color 0.0 0.3 1.0
sphere 1.6994112651132056 0.555467506068614 -4.0 0.5

fps 8


plane 0 1 0 3

color 1 1 1
sun 1 1 1

color 1 0 0

color 0 0.6 0

color 0 0.3 1
color 1.0 0.0 0.0
sphere 0.0 -0.3999999999999997 -4.0 0.5
color 0.0 0.6 0.0
sphere 1.0008831023301905 -0.45546750606861397 -4.0 0.5
color 0.0 0.3 1.0
sphere 1.6994112651132056 0.555467506068614 -4.0 0.5

fps 8


plane 0 1 0 3

color 1 1 1
sun 1 1 1

color 1 0 0

color 0 0.6 0

color 0 0.3 1
color 1.0 0.0 0.0
sphere 0.0 -0.3999999999999997 -4.0 0.5
color 0.0 0.6 0.0
sphere 1.0008831023301905 -0.45546750606861397 -4.0 0.5
color 0.0 0.3 1.0
sphere 1.6994112651132056 0.555467506068614 -4.0 0.5

fps 8


plane 0 1 0 3

color 1 1 1
sun 1 1 1

color 1 0 0

color 0 0.6 0

color 0 0.3 1
color 1.0 0.0 0.0
sphere 0.0 -0.3999999999999997 -4.0 0.5
color 0.0 0.6 0.0
sphere 1.0008831023301905 -0.45546750606861397 -4.0 0.5
color 0.0 0.3 1.0
sphere 1.6994112651132056 0.555467506068614 -4.0 0.5

fps 8


plane 0 1 0 3

color 1 1 1
sun 1 1 1

color 1 0 0

color 0 0.6 0

color 0 0.3 1
color 1.0 0.0 0.0
sphere 0.0 -0.3999999999999997 -4.0 0.5
color 0.0 0.6 0.0
sphere 1.0008831023301905 -0.45546750606861397 -4.0 0.5
color 0.0 0.3 1.0
sphere 1.6994112651132056 0.555467506068614 -4.0 0.5
