png 200 200 hw5springanchor-075.png

plane 0 1 0 3
plane 0 0 1 8

color .6 .7 .8
sun 1 1 .5
color .4 .3 .2
sun -.5 1 0

color 1 0 0

color 0 1 0

color 0 0 1

color .4 .4 .4

color 1.0 0.0 0.0
sphere -1.9809643680979718 -1.5858899723126152 -5.18826048248387 1.0
color 0.0 1.0 0.0
sphere -0.8796383597206372 1.4825519551740547 -4.0 0.5
color 0.0 0.0 1.0
sphere -1.8132528243750101 -1.6694986567392918 -6.143204911074186 0.5
color 0.4 0.4 0.4
sphere 0.0 4.000000000000004 -4.0 1.0
color 0.4 0.4 0.4
sphere 0.0 -3.5 -4.0 2.0

plane 0 1 0 3
plane 0 0 1 8

color .6 .7 .8
sun 1 1 .5
color .4 .3 .2
sun -.5 1 0

color 1 0 0

color 0 1 0

color 0 0 1

color .4 .4 .4

color 1.0 0.0 0.0
sphere -1.9809643680979718 -1.5858899723126152 -5.18826048248387 1.0
color 0.0 1.0 0.0
sphere -0.8796383597206372 1.4825519551740547 -4.0 0.5
color 0.0 0.0 1.0
sphere -1.8132528243750101 -1.6694986567392918 -6.143204911074186 0.5
color 0.4 0.4 0.4
sphere 0.0 4.000000000000004 -4.0 1.0
color 0.4 0.4 0.4
sphere 0.0 -3.5 -4.0 2.0

plane 0 1 0 3
plane 0 0 1 8

color .6 .7 .8
sun 1 1 .5
color .4 .3 .2
sun -.5 1 0

color 1 0 0

color 0 1 0

plane 0 1 0 3
plane 0 0 1 8

color .6 .7 .8
sun 1 1 .5
color .4 .3 .2
sun -.5 1 0

color 1 0 0

color 0 1 0

color 0 0 1

color .4 .4 .4

color 1.0 0.0 0.0
sphere -1.9809643680979718 -1.5858899723126152 -5.18826048248387 1.0
color 0.0 1.0 0.0
sphere -0.8796383597206372 1.4825519551740547 -4.0 0.5
color 0.0 0.0 1.0
sphere -1.8132528243750101 -1.6694986567392918 -6.143204911074186 0.5
color 0.4 0.4 0.4
sphere 0.0 4.000000000000004 -4.0 1.0
color 0.4 0.4 0.4
sphere 0.0 -3.5 -4.0 2.0

plane 0 1 0 3
plane 0 0 1 8

color .6 .7 .8
sun 1 1 .5
color .4 .3 .2
sun -.5 1 0

color 1 0 0

color 0 1 0

color 0 0 1

color .4 .4 .4

color 1.0 0.0 0.0
sphere -1.9809643680979718 -1.5858899723126152 -5.18826048248387 1.0
color 0.0 1.0 0.0
sphere -0.8796383597206372 1.4825519551740547 -4.0 0.5
color 0.0 0.0 1.0
sphere -1.8132528243750101 -1.6694986567392918 -6.143204911074186 0.5
color 0.4 0.4 0.4
sphere 0.0 4.000000000000004 -4.0 1.0
color 0.4 0.4 0.4
sphere 0.0 -3.5 -4.0 2.0

plane 0 1 0 3
plane 0 0 1 8

color .6 .7 .8
sun 1 1 .5
color .4 .3 .2
sun -.5 1 0

color 1 0 0

color 0 1 0

color 0 0 1

color .4 .4 .4

color 1.0 0.0 0.0
sphere -1.9809643680979718 -1.5858899723126152 -5.18826048248387 1.0
color 0.0 1.0 0.0
sphere -0.8796383597206372 1.4825519551740547 -4.0 0.5
color 0.0 0.0 1.0
sphere -1.8132528243750101 -1.6694986567392918 -6.143204911074186 0.5
color 0.4 0.4 0.4
sphere 0.0 4.000000000000004 -4.0 1.0
color 0.4 0.4 0.4
sphere 0.0 -3.5 -4.0 2.0

plane 0 1 0 3
plane 0 0 1 8

color .6 .7 .8
sun 1 1 .5
color .4 .3 .2
sun -.5 1 0

color 1 0 0

color 0 1 0

color 0 0 1

color .4 .4 .4

color 1.0 0.0 0.0
sphere -1.9809643680979718 -1.5858899723126152 -5.18826048248387 1.0
color 0.0 1.0 0.0
sphere -0.8796383597206372 1.4825519551740547 -4.0 0.5
color 0.0 0.0 1.0
sphere -1.8132528243750101 -1.6694986567392918 -6.143204911074186 0.5
color 0.4 0.4 0.4
sphere 0.0 4.000000000000004 -4.0 1.0
color 0.4 0.4 0.4
sphere 0.0 -3.5 -4.0 2.0

plane 0 1 0 3
plane 0 0 1 8

color .6 .7 .8
sun 1 1 .5
color .4 .3 .2
sun -.5 1 0

color 1 0 0

color 0 1 0

color 0 0 1

color .4 .4 .4

color 1.0 0.0 0.0
sphere -1.9809643680979718 -1.5858899723126152 -5.18826048248387 1.0
color 0.0 1.0 0.0
sphere -0.8796383597206372 1.4825519551740547 -4.0 0.5
color 0.0 0.0 1.0
sphere -1.8132528243750101 -1.6694986567392918 -6.143204911074186 0.5
color 0.4 0.4 0.4
sphere 0.0 4.000000000000004 -4.0 1.0
color 0.4 0.4 0.4
sphere 0.0 -3.5 -4.0 2.0
