png 200 200 hw5springelastic-027.png

fps 8


plane 0 1 0 2

color 1 1 1
sun 1 2 1


color 1.0 1.0 1.0
sphere -2.5 -0.3099999999999999 -4.0 0.49
color 1.0 1.0 1.0
sphere -1.8837470159754635 -1.2168877447616138 -4.0 0.49
color 1.0 1.0 1.0
sphere -0.972324010532384 -1.51 -4.0 0.49
color 1.0 1.0 1.0
sphere 0.5061390510127892 -1.5099999999999998 -4.0 0.49
color 1.0 1.0 1.0
sphere -0.19370151260772106 -1.1202629718456254 -4.0 0.49
color 1.0 1.0 1.0
sphere 2.395937854089388 -1.5099999999999998 -4.0 0.49
color 1.0 1.0 1.0
sphere 1.4162979999542715 -1.5100000000000002 -4.0 0.49
