png 200 200 hw5springanchor-030.png

plane 0 1 0 3
plane 0 0 1 8

color .6 .7 .8
sun 1 1 .5
color .4 .3 .2
sun -.5 1 0

color 1 0 0

color 0 1 0

color 0 0 1

color .4 .4 .4

color 1.0 0.0 0.0
sphere -1.8009498810164084 3.381655625989876 -4.0 1.0
color 0.0 1.0 0.0
sphere 2.2775457922202573 0.7661327240664478 -4.0 0.5
color 0.0 0.0 1.0
sphere 0.5867496004297814 0.25746300846017406 -6.067925765860743 0.5
color 0.4 0.4 0.4
sphere 0.0 -0.499999999999998 -4.0 1.0
color 0.4 0.4 0.4
sphere 0.0 -3.5 -4.0 2.0

plane 0 1 0 3
plane 0 0 1 8

color .6 .7 .8
sun 1 1 .5
color .4 .3 .2
sun -.5 1 0

color 1 0 0

color 0 1 0

color 0 0 1

color .4 .4 .4

color 1.0 0.0 0.0
sphere -1.8009498810164084 3.381655625989876 -4.0 1.0
color 0.0 1.0 0.0
sphere 2.2775457922202573 0.7661327240664478 -4.0 0.5
color 0.0 0.0 1.0
sphere 0.5867496004297814 0.25746300846017406 -6.067925765860743 0.5
color 0.4 0.4 0.4
sphere 0.0 -0.499999999999998 -4.0 1.0
color 0.4 0.4 0.4
sphere 0.0 -3.5 -4.0 2.0

plane 0 1 0 3
plane 0 0 1 8

color .6 .7 .8
sun 1 1 .5
color .4 .3 .2
sun -.5 1 0

color 1 0 0

color 0 1 0


plane 0 1 0 3
plane 0 0 1 8

color .6 .7 .8
sun 1 1 .5
color .4 .3 .2
sun -.5 1 0

color 1 0 0

color 0 1 0

color 0 0 1

color .4 .4 .4

color 1.0 0.0 0.0
sphere -1.8009498810164084 3.381655625989876 -4.0 1.0
color 0.0 1.0 0.0
sphere 2.2775457922202573 0.7661327240664478 -4.0 0.5
color 0.0 0.0 1.0
sphere 0.5867496004297814 0.25746300846017406 -6.067925765860743 0.5
color 0.4 0.4 0.4
sphere 0.0 -0.499999999999998 -4.0 1.0
color 0.4 0.4 0.4
sphere 0.0 -3.5 -4.0 2.0

plane 0 1 0 3
plane 0 0 1 8

color .6 .7 .8
sun 1 1 .5
color .4 .3 .2
sun -.5 1 0

color 1 0 0

color 0 1 0

color 0 0 1

color .4 .4 .4

color 1.0 0.0 0.0
sphere -1.8009498810164084 3.381655625989876 -4.0 1.0
color 0.0 1.0 0.0
sphere 2.2775457922202573 0.7661327240664478 -4.0 0.5
color 0.0 0.0 1.0
sphere 0.5867496004297814 0.25746300846017406 -6.067925765860743 0.5
color 0.4 0.4 0.4
sphere 0.0 -0.499999999999998 -4.0 1.0
color 0.4 0.4 0.4
sphere 0.0 -3.5 -4.0 2.0

plane 0 1 0 3
plane 0 0 1 8

color .6 .7 .8
sun 1 1 .5
color .4 .3 .2
sun -.5 1 0

color 1 0 0

color 0 1 0

color 0 0 1

color .4 .4 .4

color 1.0 0.0 0.0
sphere -1.8009498810164084 3.381655625989876 -4.0 1.0
color 0.0 1.0 0.0
sphere 2.2775457922202573 0.7661327240664478 -4.0 0.5
color 0.0 0.0 1.0
sphere 0.5867496004297814 0.25746300846017406 -6.067925765860743 0.5
color 0.4 0.4 0.4
sphere 0.0 -0.499999999999998 -4.0 1.0
color 0.4 0.4 0.4
sphere 0.0 -3.5 -4.0 2.0

plane 0 1 0 3
plane 0 0 1 8

color .6 .7 .8
sun 1 1 .5
color .4 .3 .2
sun -.5 1 0

color 1 0 0

color 0 1 0

color 0 0 1

color .4 .4 .4

color 1.0 0.0 0.0
sphere -1.8009498810164084 3.381655625989876 -4.0 1.0
color 0.0 1.0 0.0
sphere 2.2775457922202573 0.7661327240664478 -4.0 0.5
color 0.0 0.0 1.0
sphere 0.5867496004297814 0.25746300846017406 -6.067925765860743 0.5
color 0.4 0.4 0.4
sphere 0.0 -0.499999999999998 -4.0 1.0
color 0.4 0.4 0.4
sphere 0.0 -3.5 -4.0 2.0

plane 0 1 0 3
plane 0 0 1 8

color .6 .7 .8
sun 1 1 .5
color .4 .3 .2
sun -.5 1 0

color 1 0 0

color 0 1 0

color 0 0 1

color .4 .4 .4

color 1.0 0.0 0.0
sphere -1.8009498810164084 3.381655625989876 -4.0 1.0
color 0.0 1.0 0.0
sphere 2.2775457922202573 0.7661327240664478 -4.0 0.5
color 0.0 0.0 1.0
sphere 0.5867496004297814 0.25746300846017406 -6.067925765860743 0.5
color 0.4 0.4 0.4
sphere 0.0 -0.499999999999998 -4.0 1.0
color 0.4 0.4 0.4
sphere 0.0 -3.5 -4.0 2.0
