png 200 200 hw5springmass-015.png

fps 8

color 1 1 1
sun 1 1 1



color 1.0 1.0 1.0
sphere -0.5 2.0 -4.0 0.5
color 1.0 1.0 1.0
sphere 0.5 2.0 -4.0 0.5
color 1.0 1.0 1.0
sphere -0.5000000000000002 0.0 -4.0 0.5
color 1.0 1.0 1.0
sphere 0.4999999999999998 0.0 -4.0 0.5
color 1.0 1.0 1.0
sphere -0.5000000000000006 -2.0 -4.0 0.5
color 1.0 1.0 1.0
sphere 0.49999999999999944 -2.0 -4.0 0.5

fps 8

color 1 1 1
sun 1 1 1



color 1.0 1.0 1.0
sphere -0.5 2.0 -4.0 0.5
color 1.0 1.0 1.0
sphere 0.5 2.0 -4.0 0.5
color 1.0 1.0 1.0
sphere -0.5000000000000002 0.0 -4.0 0.5
color 1.0 1.0 1.0
sphere 0.4999999999999998 0.0 -4.0 0.5
color 1.0 1.0 1.0
sphere -0.5000000000000006 -2.0 -4.0 0.5
color 1.0 1.0 1.0
sphere 0.49999999999999944 -2.0 -4.0 0.5
