png 200 200 hw5springball-024.png

fps 8


plane 0 1 0 3

color 1 1 1
sun 1 1 1

color 1 0 0

color 0 0.6 0

color 0 0.3 1
color 1.0 0.0 0.0
sphere -2.2479078780106962 0.4947001908274248 -4.0 0.5
color 0.0 0.6 0.0
sphere -0.6990478237810877 0.8697803110462257 -4.0 0.5
color 0.0 0.3 1.0
sphere -2.200760741971776 -1.2065729944806627 -4.0 0.5

fps 8


plane 0 1 0 3

color 1 1 1
sun 1 1 1

color 1 0 0

color 0 0.6 0

color 0 0.3 1
color 1.0 0.0 0.0
sphere -2.2479078780106962 0.4947001908274248 -4.0 0.5
color 0.0 0.6 0.0
sphere -0.6990478237810877 0.8697803110462257 -4.0 0.5
color 0.0 0.3 1.0
sphere -2.200760741971776 -1.2065729944806627 -4.0 0.5

fps 8


plane 0 1 0 3

color 1 1 1
sun 1 1 1

color 1 0 0

color 0 0.6 0

color 0 0.3 1
color 1.0 0.0 0.0
sphere -2.2479078780106962 0.4947001908274248 -4.0 0.5
color 0.0 0.6 0.0
sphere -0.6990478237810877 0.8697803110462257 -4.0 0.5
color 0.0 0.3 1.0
sphere -2.200760741971776 -1.2065729944806627 -4.0 0.5

fps 8


plane 0 1 0 3

color 1 1 1
sun 1 1 1

color 1 0 0

color 0 0.6 0

color 0 0.3 1
color 1.0 0.0 0.0
sphere -2.2479078780106962 0.4947001908274248 -4.0 0.5
color 0.0 0.6 0.0
sphere -0.6990478237810877 0.8697803110462257 -4.0 0.5
color 0.0 0.3 1.0
sphere -2.200760741971776 -1.2065729944806627 -4.0 0.5

fps 8


plane 0 1 0 3

color 1 1 1
sun 1 1 1

color 1 0 0

color 0 0.6 0

color 0 0.3 1
color 1.0 0.0 0.0
sphere -2.2479078780106962 0.4947001908274248 -4.0 0.5
color 0.0 0.6 0.0
sphere -0.6990478237810877 0.8697803110462257 -4.0 0.5
color 0.0 0.3 1.0
sphere -2.200760741971776 -1.2065729944806627 -4.0 0.5

fps 8


plane 0 1 0 3

color 1 1 1
sun 1 1 1

color 1 0 0

color 0 0.6 0

color 0 0.3 1
color 1.0 0.0 0.0
sphere -2.2479078780106962 0.4947001908274248 -4.0 0.5
color 0.0 0.6 0.0
sphere -0.6990478237810877 0.8697803110462257 -4.0 0.5
color 0.0 0.3 1.0
sphere -2.200760741971776 -1.2065729944806627 -4.0 0.5
