png 200 200 hw5springanchor-010.png

plane 0 1 0 3
plane 0 0 1 8

color .6 .7 .8
sun 1 1 .5
color .4 .3 .2
sun -.5 1 0

color 1 0 0

color 0 1 0

color 0 0 1

color .4 .4 .4

color 1.0 0.0 0.0
sphere 0.0 -0.4999999999999991 -4.0 1.0
color 0.0 1.0 0.0
sphere 1.7677669529663687 -1.7322330470336311 -4.0 0.5
color 0.0 0.0 1.0
sphere -1.8477297731532285 -2.0679662141651542 -3.1138995984479876 0.5
color 0.4 0.4 0.4
sphere 0.0 -2.499999999999999 -4.0 1.0
color 0.4 0.4 0.4
sphere 0.0 -3.5 -4.0 2.0

plane 0 1 0 3
plane 0 0 1 8

color .6 .7 .8
sun 1 1 .5
color .4 .3 .2
sun -.5 1 0

color 1 0 0

color 0 1 0

color 0 0 1

color .4 .4 .4

color 1.0 0.0 0.0
sphere 0.0 -0.4999999999999991 -4.0 1.0
color 0.0 1.0 0.0
sphere 1.7677669529663687 -1.7322330470336311 -4.0 0.5
color 0.0 0.0 1.0
sphere -1.8477297731532285 -2.0679662141651542 -3.1138995984479876 0.5
color 0.4 0.4 0.4
sphere 0.0 -2.499999999999999 -4.0 1.0
color 0.4 0.4 0.4
sphere 0.0 -3.5 -4.0 2.0

plane 0 1 0 3
plane 0 0 1 8

color .6 .7 .8
sun 1 1 .5
color .4 .3 .2
sun -.5 1 0

color 1 0 0

color 0 1 0


plane 0 1 0 3
plane 0 0 1 8

color .6 .7 .8
sun 1 1 .5
color .4 .3 .2
sun -.5 1 0

color 1 0 0

color 0 1 0

color 0 0 1

color .4 .4 .4

color 1.0 0.0 0.0
sphere 0.0 -0.4999999999999991 -4.0 1.0
color 0.0 1.0 0.0
sphere 1.7677669529663687 -1.7322330470336311 -4.0 0.5
color 0.0 0.0 1.0
sphere -1.8477297731532285 -2.0679662141651542 -3.1138995984479876 0.5
color 0.4 0.4 0.4
sphere 0.0 -2.499999999999999 -4.0 1.0
color 0.4 0.4 0.4
sphere 0.0 -3.5 -4.0 2.0

plane 0 1 0 3
plane 0 0 1 8

color .6 .7 .8
sun 1 1 .5
color .4 .3 .2
sun -.5 1 0

color 1 0 0

color 0 1 0

color 0 0 1

color .4 .4 .4

color 1.0 0.0 0.0
sphere 0.0 -0.4999999999999991 -4.0 1.0
color 0.0 1.0 0.0
sphere 1.7677669529663687 -1.7322330470336311 -4.0 0.5
color 0.0 0.0 1.0
sphere -1.8477297731532285 -2.0679662141651542 -3.1138995984479876 0.5
color 0.4 0.4 0.4
sphere 0.0 -2.499999999999999 -4.0 1.0
color 0.4 0.4 0.4
sphere 0.0 -3.5 -4.0 2.0

plane 0 1 0 3
plane 0 0 1 8

color .6 .7 .8
sun 1 1 .5
color .4 .3 .2
sun -.5 1 0

color 1 0 0

color 0 1 0

color 0 0 1

color .4 .4 .4

color 1.0 0.0 0.0
sphere 0.0 -0.4999999999999991 -4.0 1.0
color 0.0 1.0 0.0
sphere 1.7677669529663687 -1.7322330470336311 -4.0 0.5
color 0.0 0.0 1.0
sphere -1.8477297731532285 -2.0679662141651542 -3.1138995984479876 0.5
color 0.4 0.4 0.4
sphere 0.0 -2.499999999999999 -4.0 1.0
color 0.4 0.4 0.4
sphere 0.0 -3.5 -4.0 2.0

plane 0 1 0 3
plane 0 0 1 8

color .6 .7 .8
sun 1 1 .5
color .4 .3 .2
sun -.5 1 0

color 1 0 0

color 0 1 0

color 0 0 1

color .4 .4 .4

color 1.0 0.0 0.0
sphere 0.0 -0.4999999999999991 -4.0 1.0
color 0.0 1.0 0.0
sphere 1.7677669529663687 -1.7322330470336311 -4.0 0.5
color 0.0 0.0 1.0
sphere -1.8477297731532285 -2.0679662141651542 -3.1138995984479876 0.5
color 0.4 0.4 0.4
sphere 0.0 -2.499999999999999 -4.0 1.0
color 0.4 0.4 0.4
sphere 0.0 -3.5 -4.0 2.0

plane 0 1 0 3
plane 0 0 1 8

color .6 .7 .8
sun 1 1 .5
color .4 .3 .2
sun -.5 1 0

color 1 0 0

color 0 1 0

color 0 0 1

color .4 .4 .4

color 1.0 0.0 0.0
sphere 0.0 -0.4999999999999991 -4.0 1.0
color 0.0 1.0 0.0
sphere 1.7677669529663687 -1.7322330470336311 -4.0 0.5
color 0.0 0.0 1.0
sphere -1.8477297731532285 -2.0679662141651542 -3.1138995984479876 0.5
color 0.4 0.4 0.4
sphere 0.0 -2.499999999999999 -4.0 1.0
color 0.4 0.4 0.4
sphere 0.0 -3.5 -4.0 2.0
