png 200 200 hw5springradius-025.png

fps 8


plane 0 1 0 3

color 1 1 1
sun 1 1 1

color 1 0 0

color 0 0.6 0

color 0 0.3 1
color 1.0 0.0 0.0
sphere 2.1056005722056206 -1.6115020152793251 -4.0 0.5
color 0.0 0.6 0.0
sphere 0.7621014664285091 0.002192086980798133 -4.0 1.5
color 0.0 0.3 1.0
sphere 0.6659606011878656 2.8350162829952414 -4.0 0.25

fps 8


plane 0 1 0 3

color 1 1 1
sun 1 1 1

color 1 0 0

color 0 0.6 0

color 0 0.3 1
color 1.0 0.0 0.0
sphere 2.1056005722056206 -1.6115020152793251 -4.0 0.5
color 0.0 0.6 0.0
sphere 0.7621014664285091 0.002192086980798133 -4.0 1.5
color 0.0 0.3 1.0
sphere 0.6659606011878656 2.8350162829952414 -4.0 0.25

fps 8


plane 0 1 0 3

color 1 1 1
sun 1 1 1

color 1 0 0

color 0 0.6 0

color 0 0.3 1
color 1.0 0.0 0.0
sphere 0.7192721041568815 -1.4964196797001388 -4.0 0.5
color 0.0 0.6 0.0
sphere -1.3015081431973825 -0.22339161949442704 -4.0 1.5
color 0.0 0.3 1.0
sphere -0.5737599566143248 1.3784449008803497 -4.0 0.25
