png 200 200 hw5springelastic-003.png

fps 8


plane 0 1 0 2

color 1 1 1
sun 1 2 1


color 1.0 1.0 1.0
sphere -2.5 -1.4500000000000002 -4.0 0.49
color 1.0 1.0 1.0
sphere -1.5 -1.4500000000000002 -4.0 0.49
color 1.0 1.0 1.0
sphere -0.5 -1.4500000000000002 -4.0 0.49
color 1.0 1.0 1.0
sphere 0.5 -1.4500000000000002 -4.0 0.49
color 1.0 1.0 1.0
sphere 1.5 -1.4500000000000002 -4.0 0.49
color 1.0 1.0 1.0
sphere 1.5 1.05 -4.0 0.49
color 1.0 1.0 1.0
sphere 1.5029999999999997 2.9500000000000006 -4.0 0.49
