png 200 200 hw5springanchor-034.png

plane 0 1 0 3
plane 0 0 1 8

color .6 .7 .8
sun 1 1 .5
color .4 .3 .2
sun -.5 1 0

color 1 0 0

color 0 1 0

color 0 0 1

color .4 .4 .4

color 1.0 0.0 0.0
sphere -0.7776503460407338 2.912571266392243 -4.0 1.0
color 0.0 1.0 0.0
sphere 2.2887600606053073 -2.494227965700979 -4.0 0.5
color 0.0 0.0 1.0
sphere -0.9872891188329839 0.4881948572932085 -5.438035940827062 0.5
color 0.4 0.4 0.4
sphere 0.0 -0.09999999999999803 -4.0 1.0
color 0.4 0.4 0.4
sphere 0.0 -3.5 -4.0 2.0

plane 0 1 0 3
plane 0 0 1 8

color .6 .7 .8
sun 1 1 .5
color .4 .3 .2
sun -.5 1 0

color 1 0 0

color 0 1 0

color 0 0 1

color .4 .4 .4

color 1.0 0.0 0.0
sphere -0.7776503460407338 2.912571266392243 -4.0 1.0
color 0.0 1.0 0.0
sphere 2.2887600606053073 -2.494227965700979 -4.0 0.5
color 0.0 0.0 1.0
sphere -0.9872891188329839 0.4881948572932085 -5.438035940827062 0.5
color 0.4 0.4 0.4
sphere 0.0 -0.09999999999999803 -4.0 1.0
color 0.4 0.4 0.4
sphere 0.0 -3.5 -4.0 2.0

plane 0 1 0 3
plane 0 0 1 8

color .6 .7 .8
sun 1 1 .5
color .4 .3 .2
sun -.5 1 0

color 1 0 0

color 0 1 0


plane 0 1 0 3
plane 0 0 1 8

color .6 .7 .8
sun 1 1 .5
color .4 .3 .2
sun -.5 1 0

color 1 0 0

color 0 1 0

color 0 0 1

color .4 .4 .4

color 1.0 0.0 0.0
sphere -0.7776503460407338 2.912571266392243 -4.0 1.0
color 0.0 1.0 0.0
sphere 2.2887600606053073 -2.494227965700979 -4.0 0.5
color 0.0 0.0 1.0
sphere -0.9872891188329839 0.4881948572932085 -5.438035940827062 0.5
color 0.4 0.4 0.4
sphere 0.0 -0.09999999999999803 -4.0 1.0
color 0.4 0.4 0.4
sphere 0.0 -3.5 -4.0 2.0

plane 0 1 0 3
plane 0 0 1 8

color .6 .7 .8
sun 1 1 .5
color .4 .3 .2
sun -.5 1 0

color 1 0 0

color 0 1 0

color 0 0 1

color .4 .4 .4

color 1.0 0.0 0.0
sphere -0.7776503460407338 2.912571266392243 -4.0 1.0
color 0.0 1.0 0.0
sphere 2.2887600606053073 -2.494227965700979 -4.0 0.5
color 0.0 0.0 1.0
sphere -0.9872891188329839 0.4881948572932085 -5.438035940827062 0.5
color 0.4 0.4 0.4
sphere 0.0 -0.09999999999999803 -4.0 1.0
color 0.4 0.4 0.4
sphere 0.0 -3.5 -4.0 2.0

plane 0 1 0 3
plane 0 0 1 8

color .6 .7 .8
sun 1 1 .5
color .4 .3 .2
sun -.5 1 0

color 1 0 0

color 0 1 0

color 0 0 1

color .4 .4 .4

color 1.0 0.0 0.0
sphere -0.7776503460407338 2.912571266392243 -4.0 1.0
color 0.0 1.0 0.0
sphere 2.2887600606053073 -2.494227965700979 -4.0 0.5
color 0.0 0.0 1.0
sphere -0.9872891188329839 0.4881948572932085 -5.438035940827062 0.5
color 0.4 0.4 0.4
sphere 0.0 -0.09999999999999803 -4.0 1.0
color 0.4 0.4 0.4
sphere 0.0 -3.5 -4.0 2.0

plane 0 1 0 3
plane 0 0 1 8

color .6 .7 .8
sun 1 1 .5
color .4 .3 .2
sun -.5 1 0

color 1 0 0

color 0 1 0

color 0 0 1

color .4 .4 .4

color 1.0 0.0 0.0
sphere -0.7776503460407338 2.912571266392243 -4.0 1.0
color 0.0 1.0 0.0
sphere 2.2887600606053073 -2.494227965700979 -4.0 0.5
color 0.0 0.0 1.0
sphere -0.9872891188329839 0.4881948572932085 -5.438035940827062 0.5
color 0.4 0.4 0.4
sphere 0.0 -0.09999999999999803 -4.0 1.0
color 0.4 0.4 0.4
sphere 0.0 -3.5 -4.0 2.0

plane 0 1 0 3
plane 0 0 1 8

color .6 .7 .8
sun 1 1 .5
color .4 .3 .2
sun -.5 1 0

color 1 0 0

color 0 1 0

color 0 0 1

color .4 .4 .4

color 1.0 0.0 0.0
sphere -0.7776503460407338 2.912571266392243 -4.0 1.0
color 0.0 1.0 0.0
sphere 2.2887600606053073 -2.494227965700979 -4.0 0.5
color 0.0 0.0 1.0
sphere -0.9872891188329839 0.4881948572932085 -5.438035940827062 0.5
color 0.4 0.4 0.4
sphere 0.0 -0.09999999999999803 -4.0 1.0
color 0.4 0.4 0.4
sphere 0.0 -3.5 -4.0 2.0
