png 200 200 hw5springelasticity-039.png

fps 8


color 1 1 1
sun 1 1 1






color 1.0 1.0 1.0
sphere -0.475 2.0 -4.0 0.5
color 1.0 1.0 1.0
sphere 2.3249999999999997 2.0 -4.0 0.5
color 1.0 1.0 1.0
sphere -1.5179687499999999 0.0 -4.0 0.5
color 1.0 1.0 1.0
sphere 1.3804687499999988 0.0 -4.0 0.5
color 1.0 1.0 1.0
sphere 1.500002956390381 -2.0 -4.0 0.5
color 1.0 1.0 1.0
sphere 2.5 -2.0 -4.0 0.5

fps 8


color 1 1 1
sun 1 1 1






color 1.0 1.0 1.0
sphere -0.475 2.0 -4.0 0.5
color 1.0 1.0 1.0
sphere 2.3249999999999997 2.0 -4.0 0.5
color 1.0 1.0 1.0
sphere -1.5179687499999999 0.0 -4.0 0.5
color 1.0 1.0 1.0
sphere 1.3804687499999988 0.0 -4.0 0.5
color 1.0 1.0 1.0
sphere 1.500002956390381 -2.0 -4.0 0.5
color 1.0 1.0 1.0
sphere 2.5 -2.0 -4.0 0.5
