png 200 200 hw5springball-017.png

fps 8


plane 0 1 0 3

color 1 1 1
sun 1 1 1

color 1 0 0

color 0 0.6 0

color 0 0.3 1
color 1.0 0.0 0.0
sphere -1.3419927684299422 -0.6214620530383216 -4.0 0.5
color 0.0 0.6 0.0
sphere -0.19804878920921032 -2.5 -4.0 0.5
color 0.0 0.3 1.0
sphere -0.25966407491745414 -1.7675022189195562 -4.0 0.5

fps 8


plane 0 1 0 3

color 1 1 1
sun 1 1 1

color 1 0 0

color 0 0.6 0

color 0 0.3 1
color 1.0 0.0 0.0
sphere -1.3419927684299422 -0.6214620530383216 -4.0 0.5
color 0.0 0.6 0.0
sphere -0.19804878920921032 -2.5 -4.0 0.5
color 0.0 0.3 1.0
sphere -0.25966407491745414 -1.7675022189195562 -4.0 0.5

fps 8


plane 0 1 0 3

color 1 1 1
sun 1 1 1

color 1 0 0

color 0 0.6 0

color 0 0.3 1
color 1.0 0.0 0.0
sphere -1.3419927684299422 -0.6214620530383216 -4.0 0.5
color 0.0 0.6 0.0
sphere -0.19804878920921032 -2.5 -4.0 0.5
color 0.0 0.3 1.0
sphere -0.25966407491745414 -1.7675022189195562 -4.0 0.5

fps 8


plane 0 1 0 3

color 1 1 1
sun 1 1 1

color 1 0 0

color 0 0.6 0

color 0 0.3 1
color 1.0 0.0 0.0
sphere -1.3419927684299422 -0.6214620530383216 -4.0 0.5
color 0.0 0.6 0.0
sphere -0.19804878920921032 -2.5 -4.0 0.5
color 0.0 0.3 1.0
sphere -0.25966407491745414 -1.7675022189195562 -4.0 0.5

fps 8


plane 0 1 0 3

color 1 1 1
sun 1 1 1

color 1 0 0

color 0 0.6 0

color 0 0.3 1
color 1.0 0.0 0.0
sphere -1.3419927684299422 -0.6214620530383216 -4.0 0.5
color 0.0 0.6 0.0
sphere -0.19804878920921032 -2.5 -4.0 0.5
color 0.0 0.3 1.0
sphere -0.25966407491745414 -1.7675022189195562 -4.0 0.5

fps 8


plane 0 1 0 3

color 1 1 1
sun 1 1 1

color 1 0 0

color 0 0.6 0

color 0 0.3 1
color 1.0 0.0 0.0
sphere -1.3419927684299422 -0.6214620530383216 -4.0 0.5
color 0.0 0.6 0.0
sphere -0.19804878920921032 -2.5 -4.0 0.5
color 0.0 0.3 1.0
sphere -0.25966407491745414 -1.7675022189195562 -4.0 0.5
