png 200 200 hw5springanchor-023.png

plane 0 1 0 3
plane 0 0 1 8

color .6 .7 .8
sun 1 1 .5
color .4 .3 .2
sun -.5 1 0

color 1 0 0

color 0 1 0

color 0 0 1

color .4 .4 .4

color 1.0 0.0 0.0
sphere 0.0 1.4500000000000017 -4.0 1.0
color 0.0 1.0 0.0
sphere 1.5661211897863918 3.3427947520911414 -4.0 0.5
color 0.0 0.0 1.0
sphere 2.2976460925822457 -2.1924693991621984 -6.438204143882958 0.5
color 0.4 0.4 0.4
sphere 0.0 -1.199999999999998 -4.0 1.0
color 0.4 0.4 0.4
sphere 0.0 -3.5 -4.0 2.0

plane 0 1 0 3
plane 0 0 1 8

color .6 .7 .8
sun 1 1 .5
color .4 .3 .2
sun -.5 1 0

color 1 0 0

color 0 1 0

color 0 0 1

color .4 .4 .4

color 1.0 0.0 0.0
sphere 0.0 1.4500000000000017 -4.0 1.0
color 0.0 1.0 0.0
sphere 1.5661211897863918 3.3427947520911414 -4.0 0.5
color 0.0 0.0 1.0
sphere 2.2976460925822457 -2.1924693991621984 -6.438204143882958 0.5
color 0.4 0.4 0.4
sphere 0.0 -1.199999999999998 -4.0 1.0
color 0.4 0.4 0.4
sphere 0.0 -3.5 -4.0 2.0

plane 0 1 0 3
plane 0 0 1 8

color .6 .7 .8
sun 1 1 .5
color .4 .3 .2
sun -.5 1 0

color 1 0 0

color 0 1 0


plane 0 1 0 3
plane 0 0 1 8

color .6 .7 .8
sun 1 1 .5
color .4 .3 .2
sun -.5 1 0

color 1 0 0

color 0 1 0

color 0 0 1

color .4 .4 .4

color 1.0 0.0 0.0
sphere 0.0 1.4500000000000017 -4.0 1.0
color 0.0 1.0 0.0
sphere 1.5661211897863918 3.3427947520911414 -4.0 0.5
color 0.0 0.0 1.0
sphere 2.2976460925822457 -2.1924693991621984 -6.438204143882958 0.5
color 0.4 0.4 0.4
sphere 0.0 -1.199999999999998 -4.0 1.0
color 0.4 0.4 0.4
sphere 0.0 -3.5 -4.0 2.0

plane 0 1 0 3
plane 0 0 1 8

color .6 .7 .8
sun 1 1 .5
color .4 .3 .2
sun -.5 1 0

color 1 0 0

color 0 1 0

color 0 0 1

color .4 .4 .4

color 1.0 0.0 0.0
sphere 0.0 1.4500000000000017 -4.0 1.0
color 0.0 1.0 0.0
sphere 1.5661211897863918 3.3427947520911414 -4.0 0.5
color 0.0 0.0 1.0
sphere 2.2976460925822457 -2.1924693991621984 -6.438204143882958 0.5
color 0.4 0.4 0.4
sphere 0.0 -1.199999999999998 -4.0 1.0
color 0.4 0.4 0.4
sphere 0.0 -3.5 -4.0 2.0

plane 0 1 0 3
plane 0 0 1 8

color .6 .7 .8
sun 1 1 .5
color .4 .3 .2
sun -.5 1 0

color 1 0 0

color 0 1 0

color 0 0 1

color .4 .4 .4

color 1.0 0.0 0.0
sphere 0.0 1.4500000000000017 -4.0 1.0
color 0.0 1.0 0.0
sphere 1.5661211897863918 3.3427947520911414 -4.0 0.5
color 0.0 0.0 1.0
sphere 2.2976460925822457 -2.1924693991621984 -6.438204143882958 0.5
color 0.4 0.4 0.4
sphere 0.0 -1.199999999999998 -4.0 1.0
color 0.4 0.4 0.4
sphere 0.0 -3.5 -4.0 2.0

plane 0 1 0 3
plane 0 0 1 8

color .6 .7 .8
sun 1 1 .5
color .4 .3 .2
sun -.5 1 0

color 1 0 0

color 0 1 0

color 0 0 1

color .4 .4 .4

color 1.0 0.0 0.0
sphere 0.0 1.4500000000000017 -4.0 1.0
color 0.0 1.0 0.0
sphere 1.5661211897863918 3.3427947520911414 -4.0 0.5
color 0.0 0.0 1.0
sphere 2.2976460925822457 -2.1924693991621984 -6.438204143882958 0.5
color 0.4 0.4 0.4
sphere 0.0 -1.199999999999998 -4.0 1.0
color 0.4 0.4 0.4
sphere 0.0 -3.5 -4.0 2.0

plane 0 1 0 3
plane 0 0 1 8

color .6 .7 .8
sun 1 1 .5
color .4 .3 .2
sun -.5 1 0

color 1 0 0

color 0 1 0

color 0 0 1

color .4 .4 .4

color 1.0 0.0 0.0
sphere 0.0 1.4500000000000017 -4.0 1.0
color 0.0 1.0 0.0
sphere 1.5661211897863918 3.3427947520911414 -4.0 0.5
color 0.0 0.0 1.0
sphere 2.2976460925822457 -2.1924693991621984 -6.438204143882958 0.5
color 0.4 0.4 0.4
sphere 0.0 -1.199999999999998 -4.0 1.0
color 0.4 0.4 0.4
sphere 0.0 -3.5 -4.0 2.0
