png 200 200 hw5springanchor-046.png

plane 0 1 0 3
plane 0 0 1 8

color .6 .7 .8
sun 1 1 .5
color .4 .3 .2
sun -.5 1 0

color 1 0 0

color 0 1 0

color 0 0 1

color .4 .4 .4

color 1.0 0.0 0.0
sphere -0.1520057247611013 4.114575734225974 -4.0 1.0
color 0.0 1.0 0.0
sphere 2.0495876214439277 -0.4019672577477947 -4.0 0.5
color 0.0 0.0 1.0
sphere 2.1053924019430634 -0.1522216354406865 -7.359681243167502 0.5
color 0.4 0.4 0.4
sphere 0.0 1.100000000000002 -4.0 1.0
color 0.4 0.4 0.4
sphere 0.0 -3.5 -4.0 2.0

plane 0 1 0 3
plane 0 0 1 8

color .6 .7 .8
sun 1 1 .5
color .4 .3 .2
sun -.5 1 0

color 1 0 0

color 0 1 0

color 0 0 1

color .4 .4 .4

color 1.0 0.0 0.0
sphere -0.1520057247611013 4.114575734225974 -4.0 1.0
color 0.0 1.0 0.0
sphere 2.0495876214439277 -0.4019672577477947 -4.0 0.5
color 0.0 0.0 1.0
sphere 2.1053924019430634 -0.1522216354406865 -7.359681243167502 0.5
color 0.4 0.4 0.4
sphere 0.0 1.100000000000002 -4.0 1.0
color 0.4 0.4 0.4
sphere 0.0 -3.5 -4.0 2.0

plane 0 1 0 3
plane 0 0 1 8

color .6 .7 .8
sun 1 1 .5
color .4 .3 .2
sun -.5 1 0

color 1 0 0

color 0 1 0


plane 0 1 0 3
plane 0 0 1 8

color .6 .7 .8
sun 1 1 .5
color .4 .3 .2
sun -.5 1 0

color 1 0 0

color 0 1 0

color 0 0 1

color .4 .4 .4

color 1.0 0.0 0.0
sphere -0.1520057247611013 4.114575734225974 -4.0 1.0
color 0.0 1.0 0.0
sphere 2.0495876214439277 -0.4019672577477947 -4.0 0.5
color 0.0 0.0 1.0
sphere 2.1053924019430634 -0.1522216354406865 -7.359681243167502 0.5
color 0.4 0.4 0.4
sphere 0.0 1.100000000000002 -4.0 1.0
color 0.4 0.4 0.4
sphere 0.0 -3.5 -4.0 2.0

plane 0 1 0 3
plane 0 0 1 8

color .6 .7 .8
sun 1 1 .5
color .4 .3 .2
sun -.5 1 0

color 1 0 0

color 0 1 0

color 0 0 1

color .4 .4 .4

color 1.0 0.0 0.0
sphere -0.1520057247611013 4.114575734225974 -4.0 1.0
color 0.0 1.0 0.0
sphere 2.0495876214439277 -0.4019672577477947 -4.0 0.5
color 0.0 0.0 1.0
sphere 2.1053924019430634 -0.1522216354406865 -7.359681243167502 0.5
color 0.4 0.4 0.4
sphere 0.0 1.100000000000002 -4.0 1.0
color 0.4 0.4 0.4
sphere 0.0 -3.5 -4.0 2.0

plane 0 1 0 3
plane 0 0 1 8

color .6 .7 .8
sun 1 1 .5
color .4 .3 .2
sun -.5 1 0

color 1 0 0

color 0 1 0

color 0 0 1

color .4 .4 .4

color 1.0 0.0 0.0
sphere -0.1520057247611013 4.114575734225974 -4.0 1.0
color 0.0 1.0 0.0
sphere 2.0495876214439277 -0.4019672577477947 -4.0 0.5
color 0.0 0.0 1.0
sphere 2.1053924019430634 -0.1522216354406865 -7.359681243167502 0.5
color 0.4 0.4 0.4
sphere 0.0 1.100000000000002 -4.0 1.0
color 0.4 0.4 0.4
sphere 0.0 -3.5 -4.0 2.0

plane 0 1 0 3
plane 0 0 1 8

color .6 .7 .8
sun 1 1 .5
color .4 .3 .2
sun -.5 1 0

color 1 0 0

color 0 1 0

color 0 0 1

color .4 .4 .4

color 1.0 0.0 0.0
sphere -0.1520057247611013 4.114575734225974 -4.0 1.0
color 0.0 1.0 0.0
sphere 2.0495876214439277 -0.4019672577477947 -4.0 0.5
color 0.0 0.0 1.0
sphere 2.1053924019430634 -0.1522216354406865 -7.359681243167502 0.5
color 0.4 0.4 0.4
sphere 0.0 1.100000000000002 -4.0 1.0
color 0.4 0.4 0.4
sphere 0.0 -3.5 -4.0 2.0

plane 0 1 0 3
plane 0 0 1 8

color .6 .7 .8
sun 1 1 .5
color .4 .3 .2
sun -.5 1 0

color 1 0 0

color 0 1 0

color 0 0 1

color .4 .4 .4

color 1.0 0.0 0.0
sphere -0.1520057247611013 4.114575734225974 -4.0 1.0
color 0.0 1.0 0.0
sphere 2.0495876214439277 -0.4019672577477947 -4.0 0.5
color 0.0 0.0 1.0
sphere 2.1053924019430634 -0.1522216354406865 -7.359681243167502 0.5
color 0.4 0.4 0.4
sphere 0.0 1.100000000000002 -4.0 1.0
color 0.4 0.4 0.4
sphere 0.0 -3.5 -4.0 2.0
