png 200 200 hw5springmass-036.png

fps 8

color 1 1 1
sun 1 1 1



color 1.0 1.0 1.0
sphere -2.600000000000001 2.0 -4.0 0.5
color 1.0 1.0 1.0
sphere 2.600000000000001 2.0 -4.0 0.5
color 1.0 1.0 1.0
sphere -1.2000000000000008 0.0 -4.0 0.5
color 1.0 1.0 1.0
sphere 3.9999999999999987 0.0 -4.0 0.5
color 1.0 1.0 1.0
sphere 0.8363636363636364 -2.0 -4.0 0.5
color 1.0 1.0 1.0
sphere 6.036363636363637 -2.0 -4.0 0.5

fps 8

color 1 1 1
sun 1 1 1



color 1.0 1.0 1.0
sphere -2.600000000000001 2.0 -4.0 0.5
color 1.0 1.0 1.0
sphere 2.600000000000001 2.0 -4.0 0.5
color 1.0 1.0 1.0
sphere -1.2000000000000008 0.0 -4.0 0.5
color 1.0 1.0 1.0
sphere 3.9999999999999987 0.0 -4.0 0.5
color 1.0 1.0 1.0
sphere 0.8363636363636364 -2.0 -4.0 0.5
color 1.0 1.0 1.0
sphere 6.036363636363637 -2.0 -4.0 0.5
