png 200 200 hw5springball-025.png

fps 8


plane 0 1 0 3

color 1 1 1
sun 1 1 1

color 1 0 0

color 0 0.6 0

color 0 0.3 1
color 1.0 0.0 0.0
sphere -2.377643934825763 0.07082369540800534 -4.0 0.5
color 0.0 0.6 0.0
sphere -0.2668083823313654 0.6595563260692111 -4.0 0.5
color 0.0 0.3 1.0
sphere -1.9015214839435517 -1.9724725140842287 -4.0 0.5

fps 8


plane 0 1 0 3

color 1 1 1
sun 1 1 1

color 1 0 0

color 0 0.6 0

color 0 0.3 1
color 1.0 0.0 0.0
sphere -2.377643934825763 0.07082369540800534 -4.0 0.5
color 0.0 0.6 0.0
sphere -0.2668083823313654 0.6595563260692111 -4.0 0.5
color 0.0 0.3 1.0
sphere -1.9015214839435517 -1.9724725140842287 -4.0 0.5

fps 8


plane 0 1 0 3

color 1 1 1
sun 1 1 1

color 1 0 0

color 0 0.6 0

color 0 0.3 1
color 1.0 0.0 0.0
sphere -2.377643934825763 0.07082369540800534 -4.0 0.5
color 0.0 0.6 0.0
sphere -0.2668083823313654 0.6595563260692111 -4.0 0.5
color 0.0 0.3 1.0
sphere -1.9015214839435517 -1.9724725140842287 -4.0 0.5

fps 8


plane 0 1 0 3

color 1 1 1
sun 1 1 1

color 1 0 0

color 0 0.6 0

color 0 0.3 1
color 1.0 0.0 0.0
sphere -2.377643934825763 0.07082369540800534 -4.0 0.5
color 0.0 0.6 0.0
sphere -0.2668083823313654 0.6595563260692111 -4.0 0.5
color 0.0 0.3 1.0
sphere -1.9015214839435517 -1.9724725140842287 -4.0 0.5

fps 8


plane 0 1 0 3

color 1 1 1
sun 1 1 1

color 1 0 0

color 0 0.6 0

color 0 0.3 1
color 1.0 0.0 0.0
sphere -2.377643934825763 0.07082369540800534 -4.0 0.5
color 0.0 0.6 0.0
sphere -0.2668083823313654 0.6595563260692111 -4.0 0.5
color 0.0 0.3 1.0
sphere -1.9015214839435517 -1.9724725140842287 -4.0 0.5

fps 8


plane 0 1 0 3

color 1 1 1
sun 1 1 1

color 1 0 0

color 0 0.6 0

color 0 0.3 1
color 1.0 0.0 0.0
sphere -2.377643934825763 0.07082369540800534 -4.0 0.5
color 0.0 0.6 0.0
sphere -0.2668083823313654 0.6595563260692111 -4.0 0.5
color 0.0 0.3 1.0
sphere -1.9015214839435517 -1.9724725140842287 -4.0 0.5
