png 200 200 hw5springmass-018.png

fps 8

color 1 1 1
sun 1 1 1



color 1.0 1.0 1.0
sphere -0.7999999999999999 2.0 -4.0 0.5
color 1.0 1.0 1.0
sphere 0.7999999999999999 2.0 -4.0 0.5
color 1.0 1.0 1.0
sphere -0.6000000000000002 0.0 -4.0 0.5
color 1.0 1.0 1.0
sphere 1.0 0.0 -4.0 0.5
color 1.0 1.0 1.0
sphere -0.3090909090909096 -2.0 -4.0 0.5
color 1.0 1.0 1.0
sphere 1.2909090909090906 -2.0 -4.0 0.5

fps 8

color 1 1 1
sun 1 1 1



color 1.0 1.0 1.0
sphere -0.7999999999999999 2.0 -4.0 0.5
color 1.0 1.0 1.0
sphere 0.7999999999999999 2.0 -4.0 0.5
color 1.0 1.0 1.0
sphere -0.6000000000000002 0.0 -4.0 0.5
color 1.0 1.0 1.0
sphere 1.0 0.0 -4.0 0.5
color 1.0 1.0 1.0
sphere -0.3090909090909096 -2.0 -4.0 0.5
color 1.0 1.0 1.0
sphere 1.2909090909090906 -2.0 -4.0 0.5
