png 200 200 hw5springanchor-036.png

plane 0 1 0 3
plane 0 0 1 8

color .6 .7 .8
sun 1 1 .5
color .4 .3 .2
sun -.5 1 0

color 1 0 0

color 0 1 0

color 0 0 1

color .4 .4 .4

color 1.0 0.0 0.0
sphere 0.03765649395008329 2.0996454656922046 -4.0 1.0
color 0.0 1.0 0.0
sphere 1.7372780631496934 -1.7022611615424088 -4.0 0.5
color 0.0 0.0 1.0
sphere -2.010709652598109 0.3143056750135515 -5.758310157883802 0.5
color 0.4 0.4 0.4
sphere 0.0 0.10000000000000198 -4.0 1.0
color 0.4 0.4 0.4
sphere 0.0 -3.5 -4.0 2.0

plane 0 1 0 3
plane 0 0 1 8

color .6 .7 .8
sun 1 1 .5
color .4 .3 .2
sun -.5 1 0

color 1 0 0

color 0 1 0

color 0 0 1

color .4 .4 .4

color 1.0 0.0 0.0
sphere 0.03765649395008329 2.0996454656922046 -4.0 1.0
color 0.0 1.0 0.0
sphere 1.7372780631496934 -1.7022611615424088 -4.0 0.5
color 0.0 0.0 1.0
sphere -2.010709652598109 0.3143056750135515 -5.758310157883802 0.5
color 0.4 0.4 0.4
sphere 0.0 0.10000000000000198 -4.0 1.0
color 0.4 0.4 0.4
sphere 0.0 -3.5 -4.0 2.0

plane 0 1 0 3
plane 0 0 1 8

color .6 .7 .8
sun 1 1 .5
color .4 .3 .2
sun -.5 1 0

color 1 0 0

color 0 1 0


plane 0 1 0 3
plane 0 0 1 8

color .6 .7 .8
sun 1 1 .5
color .4 .3 .2
sun -.5 1 0

color 1 0 0

color 0 1 0

color 0 0 1

color .4 .4 .4

color 1.0 0.0 0.0
sphere 0.03765649395008329 2.0996454656922046 -4.0 1.0
color 0.0 1.0 0.0
sphere 1.7372780631496934 -1.7022611615424088 -4.0 0.5
color 0.0 0.0 1.0
sphere -2.010709652598109 0.3143056750135515 -5.758310157883802 0.5
color 0.4 0.4 0.4
sphere 0.0 0.10000000000000198 -4.0 1.0
color 0.4 0.4 0.4
sphere 0.0 -3.5 -4.0 2.0

plane 0 1 0 3
plane 0 0 1 8

color .6 .7 .8
sun 1 1 .5
color .4 .3 .2
sun -.5 1 0

color 1 0 0

color 0 1 0

color 0 0 1

color .4 .4 .4

color 1.0 0.0 0.0
sphere 0.03765649395008329 2.0996454656922046 -4.0 1.0
color 0.0 1.0 0.0
sphere 1.7372780631496934 -1.7022611615424088 -4.0 0.5
color 0.0 0.0 1.0
sphere -2.010709652598109 0.3143056750135515 -5.758310157883802 0.5
color 0.4 0.4 0.4
sphere 0.0 0.10000000000000198 -4.0 1.0
color 0.4 0.4 0.4
sphere 0.0 -3.5 -4.0 2.0

plane 0 1 0 3
plane 0 0 1 8

color .6 .7 .8
sun 1 1 .5
color .4 .3 .2
sun -.5 1 0

color 1 0 0

color 0 1 0

color 0 0 1

color .4 .4 .4

color 1.0 0.0 0.0
sphere 0.03765649395008329 2.0996454656922046 -4.0 1.0
color 0.0 1.0 0.0
sphere 1.7372780631496934 -1.7022611615424088 -4.0 0.5
color 0.0 0.0 1.0
sphere -2.010709652598109 0.3143056750135515 -5.758310157883802 0.5
color 0.4 0.4 0.4
sphere 0.0 0.10000000000000198 -4.0 1.0
color 0.4 0.4 0.4
sphere 0.0 -3.5 -4.0 2.0

plane 0 1 0 3
plane 0 0 1 8

color .6 .7 .8
sun 1 1 .5
color .4 .3 .2
sun -.5 1 0

color 1 0 0

color 0 1 0

color 0 0 1

color .4 .4 .4

color 1.0 0.0 0.0
sphere 0.03765649395008329 2.0996454656922046 -4.0 1.0
color 0.0 1.0 0.0
sphere 1.7372780631496934 -1.7022611615424088 -4.0 0.5
color 0.0 0.0 1.0
sphere -2.010709652598109 0.3143056750135515 -5.758310157883802 0.5
color 0.4 0.4 0.4
sphere 0.0 0.10000000000000198 -4.0 1.0
color 0.4 0.4 0.4
sphere 0.0 -3.5 -4.0 2.0

plane 0 1 0 3
plane 0 0 1 8

color .6 .7 .8
sun 1 1 .5
color .4 .3 .2
sun -.5 1 0

color 1 0 0

color 0 1 0

color 0 0 1

color .4 .4 .4

color 1.0 0.0 0.0
sphere 0.03765649395008329 2.0996454656922046 -4.0 1.0
color 0.0 1.0 0.0
sphere 1.7372780631496934 -1.7022611615424088 -4.0 0.5
color 0.0 0.0 1.0
sphere -2.010709652598109 0.3143056750135515 -5.758310157883802 0.5
color 0.4 0.4 0.4
sphere 0.0 0.10000000000000198 -4.0 1.0
color 0.4 0.4 0.4
sphere 0.0 -3.5 -4.0 2.0
