png 200 200 hw5springball-040.png

fps 8


plane 0 1 0 3

color 1 1 1
sun 1 1 1

color 1 0 0

color 0 0.6 0

color 0 0.3 1
color 1.0 0.0 0.0
sphere -1.6523182051057042 -0.3416064748293115 -4.0 0.5
color 0.0 0.6 0.0
sphere 0.010707468918862893 0.9064877742130687 -4.0 0.5
color 0.0 0.3 1.0
sphere 2.5 0.0023014411893022835 -4.0 0.5

fps 8


plane 0 1 0 3

color 1 1 1
sun 1 1 1

color 1 0 0

color 0 0.6 0

color 0 0.3 1
color 1.0 0.0 0.0
sphere -1.6523182051057042 -0.3416064748293115 -4.0 0.5
color 0.0 0.6 0.0
sphere 0.010707468918862893 0.9064877742130687 -4.0 0.5
color 0.0 0.3 1.0
sphere 2.5 0.0023014411893022835 -4.0 0.5

fps 8


plane 0 1 0 3

color 1 1 1
sun 1 1 1

color 1 0 0

color 0 0.6 0

color 0 0.3 1
color 1.0 0.0 0.0
sphere -1.6523182051057042 -0.3416064748293115 -4.0 0.5
color 0.0 0.6 0.0
sphere 0.010707468918862893 0.9064877742130687 -4.0 0.5
color 0.0 0.3 1.0
sphere 2.5 0.0023014411893022835 -4.0 0.5

fps 8


plane 0 1 0 3

color 1 1 1
sun 1 1 1

color 1 0 0

color 0 0.6 0

color 0 0.3 1
color 1.0 0.0 0.0
sphere -1.6523182051057042 -0.3416064748293115 -4.0 0.5
color 0.0 0.6 0.0
sphere 0.010707468918862893 0.9064877742130687 -4.0 0.5
color 0.0 0.3 1.0
sphere 2.5 0.0023014411893022835 -4.0 0.5

fps 8


plane 0 1 0 3

color 1 1 1
sun 1 1 1

color 1 0 0

color 0 0.6 0

color 0 0.3 1
color 1.0 0.0 0.0
sphere -1.6523182051057042 -0.3416064748293115 -4.0 0.5
color 0.0 0.6 0.0
sphere 0.010707468918862893 0.9064877742130687 -4.0 0.5
color 0.0 0.3 1.0
sphere 2.5 0.0023014411893022835 -4.0 0.5

fps 8


plane 0 1 0 3

color 1 1 1
sun 1 1 1

color 1 0 0

color 0 0.6 0

color 0 0.3 1
color 1.0 0.0 0.0
sphere -1.6523182051057042 -0.3416064748293115 -4.0 0.5
color 0.0 0.6 0.0
sphere 0.010707468918862893 0.9064877742130687 -4.0 0.5
color 0.0 0.3 1.0
sphere 2.5 0.0023014411893022835 -4.0 0.5
