png 200 200 hw5springanchor-029.png

plane 0 1 0 3
plane 0 0 1 8

color .6 .7 .8
sun 1 1 .5
color .4 .3 .2
sun -.5 1 0

color 1 0 0

color 0 1 0

color 0 0 1

color .4 .4 .4

color 1.0 0.0 0.0
sphere -1.3934999963633197 3.248926715889284 -4.0 1.0
color 0.0 1.0 0.0
sphere 2.0257423759361033 1.3910054058862997 -4.0 0.5
color 0.0 0.0 1.0
sphere 0.9056246670248179 0.047885840383478304 -6.425944324395557 0.5
color 0.4 0.4 0.4
sphere 0.0 -0.599999999999998 -4.0 1.0
color 0.4 0.4 0.4
sphere 0.0 -3.5 -4.0 2.0

plane 0 1 0 3
plane 0 0 1 8

color .6 .7 .8
sun 1 1 .5
color .4 .3 .2
sun -.5 1 0

color 1 0 0

color 0 1 0

color 0 0 1

color .4 .4 .4

color 1.0 0.0 0.0
sphere -1.3934999963633197 3.248926715889284 -4.0 1.0
color 0.0 1.0 0.0
sphere 2.0257423759361033 1.3910054058862997 -4.0 0.5
color 0.0 0.0 1.0
sphere 0.9056246670248179 0.047885840383478304 -6.425944324395557 0.5
color 0.4 0.4 0.4
sphere 0.0 -0.599999999999998 -4.0 1.0
color 0.4 0.4 0.4
sphere 0.0 -3.5 -4.0 2.0

plane 0 1 0 3
plane 0 0 1 8

color .6 .7 .8
sun 1 1 .5
color .4 .3 .2
sun -.5 1 0

color 1 0 0

color 0 1 0


plane 0 1 0 3
plane 0 0 1 8

color .6 .7 .8
sun 1 1 .5
color .4 .3 .2
sun -.5 1 0

color 1 0 0

color 0 1 0

color 0 0 1

color .4 .4 .4

color 1.0 0.0 0.0
sphere -1.3934999963633197 3.248926715889284 -4.0 1.0
color 0.0 1.0 0.0
sphere 2.0257423759361033 1.3910054058862997 -4.0 0.5
color 0.0 0.0 1.0
sphere 0.9056246670248179 0.047885840383478304 -6.425944324395557 0.5
color 0.4 0.4 0.4
sphere 0.0 -0.599999999999998 -4.0 1.0
color 0.4 0.4 0.4
sphere 0.0 -3.5 -4.0 2.0

plane 0 1 0 3
plane 0 0 1 8

color .6 .7 .8
sun 1 1 .5
color .4 .3 .2
sun -.5 1 0

color 1 0 0

color 0 1 0

color 0 0 1

color .4 .4 .4

color 1.0 0.0 0.0
sphere -1.3934999963633197 3.248926715889284 -4.0 1.0
color 0.0 1.0 0.0
sphere 2.0257423759361033 1.3910054058862997 -4.0 0.5
color 0.0 0.0 1.0
sphere 0.9056246670248179 0.047885840383478304 -6.425944324395557 0.5
color 0.4 0.4 0.4
sphere 0.0 -0.599999999999998 -4.0 1.0
color 0.4 0.4 0.4
sphere 0.0 -3.5 -4.0 2.0

plane 0 1 0 3
plane 0 0 1 8

color .6 .7 .8
sun 1 1 .5
color .4 .3 .2
sun -.5 1 0

color 1 0 0

color 0 1 0

color 0 0 1

color .4 .4 .4

color 1.0 0.0 0.0
sphere -1.3934999963633197 3.248926715889284 -4.0 1.0
color 0.0 1.0 0.0
sphere 2.0257423759361033 1.3910054058862997 -4.0 0.5
color 0.0 0.0 1.0
sphere 0.9056246670248179 0.047885840383478304 -6.425944324395557 0.5
color 0.4 0.4 0.4
sphere 0.0 -0.599999999999998 -4.0 1.0
color 0.4 0.4 0.4
sphere 0.0 -3.5 -4.0 2.0

plane 0 1 0 3
plane 0 0 1 8

color .6 .7 .8
sun 1 1 .5
color .4 .3 .2
sun -.5 1 0

color 1 0 0

color 0 1 0

color 0 0 1

color .4 .4 .4

color 1.0 0.0 0.0
sphere -1.3934999963633197 3.248926715889284 -4.0 1.0
color 0.0 1.0 0.0
sphere 2.0257423759361033 1.3910054058862997 -4.0 0.5
color 0.0 0.0 1.0
sphere 0.9056246670248179 0.047885840383478304 -6.425944324395557 0.5
color 0.4 0.4 0.4
sphere 0.0 -0.599999999999998 -4.0 1.0
color 0.4 0.4 0.4
sphere 0.0 -3.5 -4.0 2.0

plane 0 1 0 3
plane 0 0 1 8

color .6 .7 .8
sun 1 1 .5
color .4 .3 .2
sun -.5 1 0

color 1 0 0

color 0 1 0

color 0 0 1

color .4 .4 .4

color 1.0 0.0 0.0
sphere -1.3934999963633197 3.248926715889284 -4.0 1.0
color 0.0 1.0 0.0
sphere 2.0257423759361033 1.3910054058862997 -4.0 0.5
color 0.0 0.0 1.0
sphere 0.9056246670248179 0.047885840383478304 -6.425944324395557 0.5
color 0.4 0.4 0.4
sphere 0.0 -0.599999999999998 -4.0 1.0
color 0.4 0.4 0.4
sphere 0.0 -3.5 -4.0 2.0
