png 200 200 hw5springanchor-077.png

plane 0 1 0 3
plane 0 0 1 8

color .6 .7 .8
sun 1 1 .5
color .4 .3 .2
sun -.5 1 0

color 1 0 0

color 0 1 0

color 0 0 1

color .4 .4 .4

color 1.0 0.0 0.0
sphere -2.0 -1.2309301170107176 -6.88420313180218 1.0
color 0.0 1.0 0.0
sphere -0.4166778910693907 0.934255373443607 -4.0 0.5
color 0.0 0.0 1.0
sphere -1.4193953402784087 -1.1784806641014849 -5.9478500495134385 0.5
color 0.4 0.4 0.4
sphere 0.0 4.200000000000004 -4.0 1.0
color 0.4 0.4 0.4
sphere 0.0 -3.5 -4.0 2.0

plane 0 1 0 3
plane 0 0 1 8

color .6 .7 .8
sun 1 1 .5
color .4 .3 .2
sun -.5 1 0

color 1 0 0

color 0 1 0

color 0 0 1

color .4 .4 .4

color 1.0 0.0 0.0
sphere -2.0 -1.2309301170107176 -6.88420313180218 1.0
color 0.0 1.0 0.0
sphere -0.4166778910693907 0.934255373443607 -4.0 0.5
color 0.0 0.0 1.0
sphere -1.4193953402784087 -1.1784806641014849 -5.9478500495134385 0.5
color 0.4 0.4 0.4
sphere 0.0 4.200000000000004 -4.0 1.0
color 0.4 0.4 0.4
sphere 0.0 -3.5 -4.0 2.0

plane 0 1 0 3
plane 0 0 1 8

color .6 .7 .8
sun 1 1 .5
color .4 .3 .2
sun -.5 1 0

color 1 0 0

color 0 1 0

plane 0 1 0 3
plane 0 0 1 8

color .6 .7 .8
sun 1 1 .5
color .4 .3 .2
sun -.5 1 0

color 1 0 0

color 0 1 0

color 0 0 1

color .4 .4 .4

color 1.0 0.0 0.0
sphere -2.0 -1.2309301170107176 -6.88420313180218 1.0
color 0.0 1.0 0.0
sphere -0.4166778910693907 0.934255373443607 -4.0 0.5
color 0.0 0.0 1.0
sphere -1.4193953402784087 -1.1784806641014849 -5.9478500495134385 0.5
color 0.4 0.4 0.4
sphere 0.0 4.200000000000004 -4.0 1.0
color 0.4 0.4 0.4
sphere 0.0 -3.5 -4.0 2.0

plane 0 1 0 3
plane 0 0 1 8

color .6 .7 .8
sun 1 1 .5
color .4 .3 .2
sun -.5 1 0

color 1 0 0

color 0 1 0

color 0 0 1

color .4 .4 .4

color 1.0 0.0 0.0
sphere -2.0 -1.2309301170107176 -6.88420313180218 1.0
color 0.0 1.0 0.0
sphere -0.4166778910693907 0.934255373443607 -4.0 0.5
color 0.0 0.0 1.0
sphere -1.4193953402784087 -1.1784806641014849 -5.9478500495134385 0.5
color 0.4 0.4 0.4
sphere 0.0 4.200000000000004 -4.0 1.0
color 0.4 0.4 0.4
sphere 0.0 -3.5 -4.0 2.0

plane 0 1 0 3
plane 0 0 1 8

color .6 .7 .8
sun 1 1 .5
color .4 .3 .2
sun -.5 1 0

color 1 0 0

color 0 1 0

color 0 0 1

color .4 .4 .4

color 1.0 0.0 0.0
sphere -2.0 -1.2309301170107176 -6.88420313180218 1.0
color 0.0 1.0 0.0
sphere -0.4166778910693907 0.934255373443607 -4.0 0.5
color 0.0 0.0 1.0
sphere -1.4193953402784087 -1.1784806641014849 -5.9478500495134385 0.5
color 0.4 0.4 0.4
sphere 0.0 4.200000000000004 -4.0 1.0
color 0.4 0.4 0.4
sphere 0.0 -3.5 -4.0 2.0

plane 0 1 0 3
plane 0 0 1 8

color .6 .7 .8
sun 1 1 .5
color .4 .3 .2
sun -.5 1 0

color 1 0 0

color 0 1 0

color 0 0 1

color .4 .4 .4

color 1.0 0.0 0.0
sphere -2.0 -1.2309301170107176 -6.88420313180218 1.0
color 0.0 1.0 0.0
sphere -0.4166778910693907 0.934255373443607 -4.0 0.5
color 0.0 0.0 1.0
sphere -1.4193953402784087 -1.1784806641014849 -5.9478500495134385 0.5
color 0.4 0.4 0.4
sphere 0.0 4.200000000000004 -4.0 1.0
color 0.4 0.4 0.4
sphere 0.0 -3.5 -4.0 2.0

plane 0 1 0 3
plane 0 0 1 8

color .6 .7 .8
sun 1 1 .5
color .4 .3 .2
sun -.5 1 0

color 1 0 0

color 0 1 0

color 0 0 1

color .4 .4 .4

color 1.0 0.0 0.0
sphere -2.0 -1.2309301170107176 -6.88420313180218 1.0
color 0.0 1.0 0.0
sphere -0.4166778910693907 0.934255373443607 -4.0 0.5
color 0.0 0.0 1.0
sphere -1.4193953402784087 -1.1784806641014849 -5.9478500495134385 0.5
color 0.4 0.4 0.4
sphere 0.0 4.200000000000004 -4.0 1.0
color 0.4 0.4 0.4
sphere 0.0 -3.5 -4.0 2.0
