png 200 200 hw5springanchor-038.png

plane 0 1 0 3
plane 0 0 1 8

color .6 .7 .8
sun 1 1 .5
color .4 .3 .2
sun -.5 1 0

color 1 0 0

color 0 1 0

color 0 0 1

color .4 .4 .4

color 1.0 0.0 0.0
sphere 0.8984587838545238 3.3026315193989584 -4.0 1.0
color 0.0 1.0 0.0
sphere 1.3216514591987265 -0.40939228949705553 -4.0 0.5
color 0.0 0.0 1.0
sphere -1.9882897331174374 -0.2595835072661055 -6.078584374940542 0.5
color 0.4 0.4 0.4
sphere 0.0 0.300000000000002 -4.0 1.0
color 0.4 0.4 0.4
sphere 0.0 -3.5 -4.0 2.0

plane 0 1 0 3
plane 0 0 1 8

color .6 .7 .8
sun 1 1 .5
color .4 .3 .2
sun -.5 1 0

color 1 0 0

color 0 1 0

color 0 0 1

color .4 .4 .4

color 1.0 0.0 0.0
sphere 0.8984587838545238 3.3026315193989584 -4.0 1.0
color 0.0 1.0 0.0
sphere 1.3216514591987265 -0.40939228949705553 -4.0 0.5
color 0.0 0.0 1.0
sphere -1.9882897331174374 -0.2595835072661055 -6.078584374940542 0.5
color 0.4 0.4 0.4
sphere 0.0 0.300000000000002 -4.0 1.0
color 0.4 0.4 0.4
sphere 0.0 -3.5 -4.0 2.0

plane 0 1 0 3
plane 0 0 1 8

color .6 .7 .8
sun 1 1 .5
color .4 .3 .2
sun -.5 1 0

color 1 0 0

color 0 1 0


plane 0 1 0 3
plane 0 0 1 8

color .6 .7 .8
sun 1 1 .5
color .4 .3 .2
sun -.5 1 0

color 1 0 0

color 0 1 0

color 0 0 1

color .4 .4 .4

color 1.0 0.0 0.0
sphere 0.8984587838545238 3.3026315193989584 -4.0 1.0
color 0.0 1.0 0.0
sphere 1.3216514591987265 -0.40939228949705553 -4.0 0.5
color 0.0 0.0 1.0
sphere -1.9882897331174374 -0.2595835072661055 -6.078584374940542 0.5
color 0.4 0.4 0.4
sphere 0.0 0.300000000000002 -4.0 1.0
color 0.4 0.4 0.4
sphere 0.0 -3.5 -4.0 2.0

plane 0 1 0 3
plane 0 0 1 8

color .6 .7 .8
sun 1 1 .5
color .4 .3 .2
sun -.5 1 0

color 1 0 0

color 0 1 0

color 0 0 1

color .4 .4 .4

color 1.0 0.0 0.0
sphere 0.8984587838545238 3.3026315193989584 -4.0 1.0
color 0.0 1.0 0.0
sphere 1.3216514591987265 -0.40939228949705553 -4.0 0.5
color 0.0 0.0 1.0
sphere -1.9882897331174374 -0.2595835072661055 -6.078584374940542 0.5
color 0.4 0.4 0.4
sphere 0.0 0.300000000000002 -4.0 1.0
color 0.4 0.4 0.4
sphere 0.0 -3.5 -4.0 2.0

plane 0 1 0 3
plane 0 0 1 8

color .6 .7 .8
sun 1 1 .5
color .4 .3 .2
sun -.5 1 0

color 1 0 0

color 0 1 0

color 0 0 1

color .4 .4 .4

color 1.0 0.0 0.0
sphere 0.8984587838545238 3.3026315193989584 -4.0 1.0
color 0.0 1.0 0.0
sphere 1.3216514591987265 -0.40939228949705553 -4.0 0.5
color 0.0 0.0 1.0
sphere -1.9882897331174374 -0.2595835072661055 -6.078584374940542 0.5
color 0.4 0.4 0.4
sphere 0.0 0.300000000000002 -4.0 1.0
color 0.4 0.4 0.4
sphere 0.0 -3.5 -4.0 2.0

plane 0 1 0 3
plane 0 0 1 8

color .6 .7 .8
sun 1 1 .5
color .4 .3 .2
sun -.5 1 0

color 1 0 0

color 0 1 0

color 0 0 1

color .4 .4 .4

color 1.0 0.0 0.0
sphere 0.8984587838545238 3.3026315193989584 -4.0 1.0
color 0.0 1.0 0.0
sphere 1.3216514591987265 -0.40939228949705553 -4.0 0.5
color 0.0 0.0 1.0
sphere -1.9882897331174374 -0.2595835072661055 -6.078584374940542 0.5
color 0.4 0.4 0.4
sphere 0.0 0.300000000000002 -4.0 1.0
color 0.4 0.4 0.4
sphere 0.0 -3.5 -4.0 2.0

plane 0 1 0 3
plane 0 0 1 8

color .6 .7 .8
sun 1 1 .5
color .4 .3 .2
sun -.5 1 0

color 1 0 0

color 0 1 0

color 0 0 1

color .4 .4 .4

color 1.0 0.0 0.0
sphere 0.8984587838545238 3.3026315193989584 -4.0 1.0
color 0.0 1.0 0.0
sphere 1.3216514591987265 -0.40939228949705553 -4.0 0.5
color 0.0 0.0 1.0
sphere -1.9882897331174374 -0.2595835072661055 -6.078584374940542 0.5
color 0.4 0.4 0.4
sphere 0.0 0.300000000000002 -4.0 1.0
color 0.4 0.4 0.4
sphere 0.0 -3.5 -4.0 2.0
