png 200 200 hw5springball-041.png

fps 8


plane 0 1 0 3

color 1 1 1
sun 1 1 1

color 1 0 0

color 0 0.6 0

color 0 0.3 1
color 1.0 0.0 0.0
sphere -1.9808154624843897 -1.4616626907740558 -4.0 0.5
color 0.0 0.6 0.0
sphere 0.03670134166289308 0.2606444705542468 -4.0 0.5
color 0.0 0.3 1.0
sphere 2.200760741971776 0.43640192158573654 -4.0 0.5

fps 8


plane 0 1 0 3

color 1 1 1
sun 1 1 1

color 1 0 0

color 0 0.6 0

color 0 0.3 1
color 1.0 0.0 0.0
sphere -1.9808154624843897 -1.4616626907740558 -4.0 0.5
color 0.0 0.6 0.0
sphere 0.03670134166289308 0.2606444705542468 -4.0 0.5
color 0.0 0.3 1.0
sphere 2.200760741971776 0.43640192158573654 -4.0 0.5

fps 8


plane 0 1 0 3

color 1 1 1
sun 1 1 1

color 1 0 0

color 0 0.6 0

color 0 0.3 1
color 1.0 0.0 0.0
sphere -1.9808154624843897 -1.4616626907740558 -4.0 0.5
color 0.0 0.6 0.0
sphere 0.03670134166289308 0.2606444705542468 -4.0 0.5
color 0.0 0.3 1.0
sphere 2.200760741971776 0.43640192158573654 -4.0 0.5

fps 8


plane 0 1 0 3

color 1 1 1
sun 1 1 1

color 1 0 0

color 0 0.6 0

color 0 0.3 1
color 1.0 0.0 0.0
sphere -1.9808154624843897 -1.4616626907740558 -4.0 0.5
color 0.0 0.6 0.0
sphere 0.03670134166289308 0.2606444705542468 -4.0 0.5
color 0.0 0.3 1.0
sphere 2.200760741971776 0.43640192158573654 -4.0 0.5

fps 8


plane 0 1 0 3

color 1 1 1
sun 1 1 1

color 1 0 0

color 0 0.6 0

color 0 0.3 1
color 1.0 0.0 0.0
sphere -1.9808154624843897 -1.4616626907740558 -4.0 0.5
color 0.0 0.6 0.0
sphere 0.03670134166289308 0.2606444705542468 -4.0 0.5
color 0.0 0.3 1.0
sphere 2.200760741971776 0.43640192158573654 -4.0 0.5

fps 8


plane 0 1 0 3

color 1 1 1
sun 1 1 1

color 1 0 0

color 0 0.6 0

color 0 0.3 1
color 1.0 0.0 0.0
sphere -1.9808154624843897 -1.4616626907740558 -4.0 0.5
color 0.0 0.6 0.0
sphere 0.03670134166289308 0.2606444705542468 -4.0 0.5
color 0.0 0.3 1.0
sphere 2.200760741971776 0.43640192158573654 -4.0 0.5
