png 200 200 hw5springradius-030.png

fps 8


plane 0 1 0 3

color 1 1 1
sun 1 1 1

color 1 0 0

color 0 0.6 0

color 0 0.3 1
color 1.0 0.0 0.0
sphere 1.4470067462990586 -1.1949291803365778 -4.0 0.5
color 0.0 0.6 0.0
sphere -0.7949391720378133 -1.5 -4.0 1.5
color 0.0 0.3 1.0
sphere -0.41048454618030306 1.3902960694787245 -4.0 0.25

fps 8


plane 0 1 0 3

color 1 1 1
sun 1 1 1

color 1 0 0

color 0 0.6 0

color 0 0.3 1
color 1.0 0.0 0.0
sphere 1.4470067462990586 -1.1949291803365778 -4.0 0.5
color 0.0 0.6 0.0
sphere -0.7949391720378133 -1.5 -4.0 1.5
color 0.0 0.3 1.0
sphere -0.41048454618030306 1.3902960694787245 -4.0 0.25

fps 8


plane 0 1 0 3

color 1 1 1
sun 1 1 1

color 1 0 0

color 0 0.6 0

color 0 0.3 1
color 1.0 0.0 0.0
sphere -1.9899313366480416 -1.1113985603954026 -4.0 0.5
color 0.0 0.6 0.0
sphere 0.6010966901920112 -1.1826506318008903 -4.0 1.5
color 0.0 0.3 1.0
sphere -0.7905925479600975 1.04022897116418 -4.0 0.25
