png 200 200 hw5springball-034.png

fps 8


plane 0 1 0 3

color 1 1 1
sun 1 1 1

color 1 0 0

color 0 0.6 0

color 0 0.3 1
color 1.0 0.0 0.0
sphere -1.462111545479465 1.6193824770970968 -4.0 0.5
color 0.0 0.6 0.0
sphere 1.6355211171005557 1.1408959399080574 -4.0 0.5
color 0.0 0.3 1.0
sphere 0.7916318383104657 -0.37280384317147264 -4.0 0.5

fps 8


plane 0 1 0 3

color 1 1 1
sun 1 1 1

color 1 0 0

color 0 0.6 0

color 0 0.3 1
color 1.0 0.0 0.0
sphere -1.462111545479465 1.6193824770970968 -4.0 0.5
color 0.0 0.6 0.0
sphere 1.6355211171005557 1.1408959399080574 -4.0 0.5
color 0.0 0.3 1.0
sphere 0.7916318383104657 -0.37280384317147264 -4.0 0.5

fps 8


plane 0 1 0 3

color 1 1 1
sun 1 1 1

color 1 0 0

color 0 0.6 0

color 0 0.3 1
color 1.0 0.0 0.0
sphere -1.462111545479465 1.6193824770970968 -4.0 0.5
color 0.0 0.6 0.0
sphere 1.6355211171005557 1.1408959399080574 -4.0 0.5
color 0.0 0.3 1.0
sphere 0.7916318383104657 -0.37280384317147264 -4.0 0.5

fps 8


plane 0 1 0 3

color 1 1 1
sun 1 1 1

color 1 0 0

color 0 0.6 0

color 0 0.3 1
color 1.0 0.0 0.0
sphere -1.462111545479465 1.6193824770970968 -4.0 0.5
color 0.0 0.6 0.0
sphere 1.6355211171005557 1.1408959399080574 -4.0 0.5
color 0.0 0.3 1.0
sphere 0.7916318383104657 -0.37280384317147264 -4.0 0.5

fps 8


plane 0 1 0 3

color 1 1 1
sun 1 1 1

color 1 0 0

color 0 0.6 0

color 0 0.3 1
color 1.0 0.0 0.0
sphere -1.462111545479465 1.6193824770970968 -4.0 0.5
color 0.0 0.6 0.0
sphere 1.6355211171005557 1.1408959399080574 -4.0 0.5
color 0.0 0.3 1.0
sphere 0.7916318383104657 -0.37280384317147264 -4.0 0.5

fps 8


plane 0 1 0 3

color 1 1 1
sun 1 1 1

color 1 0 0

color 0 0.6 0

color 0 0.3 1
color 1.0 0.0 0.0
sphere -1.462111545479465 1.6193824770970968 -4.0 0.5
color 0.0 0.6 0.0
sphere 1.6355211171005557 1.1408959399080574 -4.0 0.5
color 0.0 0.3 1.0
sphere 0.7916318383104657 -0.37280384317147264 -4.0 0.5
