png 200 200 hw5springmass-019.png

fps 8

color 1 1 1
sun 1 1 1



color 1.0 1.0 1.0
sphere -0.8999999999999999 2.0 -4.0 0.5
color 1.0 1.0 1.0
sphere 0.8999999999999999 2.0 -4.0 0.5
color 1.0 1.0 1.0
sphere -0.6333333333333335 0.0 -4.0 0.5
color 1.0 1.0 1.0
sphere 1.1666666666666667 0.0 -4.0 0.5
color 1.0 1.0 1.0
sphere -0.24545454545454592 -2.0 -4.0 0.5
color 1.0 1.0 1.0
sphere 1.5545454545454542 -2.0 -4.0 0.5

fps 8

color 1 1 1
sun 1 1 1



color 1.0 1.0 1.0
sphere -0.8999999999999999 2.0 -4.0 0.5
color 1.0 1.0 1.0
sphere 0.8999999999999999 2.0 -4.0 0.5
color 1.0 1.0 1.0
sphere -0.6333333333333335 0.0 -4.0 0.5
color 1.0 1.0 1.0
sphere 1.1666666666666667 0.0 -4.0 0.5
color 1.0 1.0 1.0
sphere -0.24545454545454592 -2.0 -4.0 0.5
color 1.0 1.0 1.0
sphere 1.5545454545454542 -2.0 -4.0 0.5
