png 200 200 hw5springelasticity-016.png

fps 8


color 1 1 1
sun 1 1 1






color 1.0 1.0 1.0
sphere -0.49999999999999994 2.0 -4.0 0.5
color 1.0 1.0 1.0
sphere 1.3 2.0 -4.0 0.5
color 1.0 1.0 1.0
sphere -0.0875 0.0 -4.0 0.5
color 1.0 1.0 1.0
sphere 2.1062499999999997 0.0 -4.0 0.5
color 1.0 1.0 1.0
sphere 1.1499999999999995 -2.0 -4.0 0.5
color 1.0 1.0 1.0
sphere 2.1499999999999995 -2.0 -4.0 0.5

fps 8


color 1 1 1
sun 1 1 1






color 1.0 1.0 1.0
sphere -0.49999999999999994 2.0 -4.0 0.5
color 1.0 1.0 1.0
sphere 1.3 2.0 -4.0 0.5
color 1.0 1.0 1.0
sphere -0.0875 0.0 -4.0 0.5
color 1.0 1.0 1.0
sphere 2.1062499999999997 0.0 -4.0 0.5
color 1.0 1.0 1.0
sphere 1.1499999999999995 -2.0 -4.0 0.5
color 1.0 1.0 1.0
sphere 2.1499999999999995 -2.0 -4.0 0.5
