png 200 200 hw5springmass-032.png

fps 8

color 1 1 1
sun 1 1 1



color 1.0 1.0 1.0
sphere -2.2000000000000006 2.0 -4.0 0.5
color 1.0 1.0 1.0
sphere 2.2000000000000006 2.0 -4.0 0.5
color 1.0 1.0 1.0
sphere -1.066666666666667 0.0 -4.0 0.5
color 1.0 1.0 1.0
sphere 3.3333333333333326 0.0 -4.0 0.5
color 1.0 1.0 1.0
sphere 0.5818181818181816 -2.0 -4.0 0.5
color 1.0 1.0 1.0
sphere 4.981818181818182 -2.0 -4.0 0.5

fps 8

color 1 1 1
sun 1 1 1



color 1.0 1.0 1.0
sphere -2.2000000000000006 2.0 -4.0 0.5
color 1.0 1.0 1.0
sphere 2.2000000000000006 2.0 -4.0 0.5
color 1.0 1.0 1.0
sphere -1.066666666666667 0.0 -4.0 0.5
color 1.0 1.0 1.0
sphere 3.3333333333333326 0.0 -4.0 0.5
color 1.0 1.0 1.0
sphere 0.5818181818181816 -2.0 -4.0 0.5
color 1.0 1.0 1.0
sphere 4.981818181818182 -2.0 -4.0 0.5
