png 200 200 hw5springball-018.png

fps 8


plane 0 1 0 3

color 1 1 1
sun 1 1 1

color 1 0 0

color 0 0.6 0

color 0 0.3 1
color 1.0 0.0 0.0
sphere -1.6277711617323027 0.01780692044251772 -4.0 0.5
color 0.0 0.6 0.0
sphere -0.43107177676320174 -1.5598994130495307 -4.0 0.5
color 0.0 0.3 1.0
sphere -0.6408626940611027 -2.5 -4.0 0.5

fps 8


plane 0 1 0 3

color 1 1 1
sun 1 1 1

color 1 0 0

color 0 0.6 0

color 0 0.3 1
color 1.0 0.0 0.0
sphere -1.6277711617323027 0.01780692044251772 -4.0 0.5
color 0.0 0.6 0.0
sphere -0.43107177676320174 -1.5598994130495307 -4.0 0.5
color 0.0 0.3 1.0
sphere -0.6408626940611027 -2.5 -4.0 0.5

fps 8


plane 0 1 0 3

color 1 1 1
sun 1 1 1

color 1 0 0

color 0 0.6 0

color 0 0.3 1
color 1.0 0.0 0.0
sphere -1.6277711617323027 0.01780692044251772 -4.0 0.5
color 0.0 0.6 0.0
sphere -0.43107177676320174 -1.5598994130495307 -4.0 0.5
color 0.0 0.3 1.0
sphere -0.6408626940611027 -2.5 -4.0 0.5

fps 8


plane 0 1 0 3

color 1 1 1
sun 1 1 1

color 1 0 0

color 0 0.6 0

color 0 0.3 1
color 1.0 0.0 0.0
sphere -1.6277711617323027 0.01780692044251772 -4.0 0.5
color 0.0 0.6 0.0
sphere -0.43107177676320174 -1.5598994130495307 -4.0 0.5
color 0.0 0.3 1.0
sphere -0.6408626940611027 -2.5 -4.0 0.5

fps 8


plane 0 1 0 3

color 1 1 1
sun 1 1 1

color 1 0 0

color 0 0.6 0

color 0 0.3 1
color 1.0 0.0 0.0
sphere -1.6277711617323027 0.01780692044251772 -4.0 0.5
color 0.0 0.6 0.0
sphere -0.43107177676320174 -1.5598994130495307 -4.0 0.5
color 0.0 0.3 1.0
sphere -0.6408626940611027 -2.5 -4.0 0.5

fps 8


plane 0 1 0 3

color 1 1 1
sun 1 1 1

color 1 0 0

color 0 0.6 0

color 0 0.3 1
color 1.0 0.0 0.0
sphere -1.6277711617323027 0.01780692044251772 -4.0 0.5
color 0.0 0.6 0.0
sphere -0.43107177676320174 -1.5598994130495307 -4.0 0.5
color 0.0 0.3 1.0
sphere -0.6408626940611027 -2.5 -4.0 0.5
