png 200 200 hw5springanchor-091.png

plane 0 1 0 3
plane 0 0 1 8

color .6 .7 .8
sun 1 1 .5
color .4 .3 .2
sun -.5 1 0

color 1 0 0

color 0 1 0

color 0 0 1

color .4 .4 .4

color 1.0 0.0 0.0
sphere 0.46132091781102424 3.0056356306502057 -6.171065183278788 1.0
color 0.0 1.0 0.0
sphere 1.1287602220039936 -0.9271904016712034 -7.174075781987283 0.5
color 0.0 0.0 1.0
sphere 2.5 -1.9766720721855702 -7.068293802559073 0.5
color 0.4 0.4 0.4
sphere 0.0 5.599999999999999 -4.0 1.0
color 0.4 0.4 0.4
sphere 0.0 -3.5 -4.0 2.0

plane 0 1 0 3
plane 0 0 1 8

color .6 .7 .8
sun 1 1 .5
color .4 .3 .2
sun -.5 1 0

color 1 0 0

color 0 1 0

color 0 0 1

color .4 .4 .4

color 1.0 0.0 0.0
sphere 0.46132091781102424 3.0056356306502057 -6.171065183278788 1.0
color 0.0 1.0 0.0
sphere 1.1287602220039936 -0.9271904016712034 -7.174075781987283 0.5
color 0.0 0.0 1.0
sphere 2.5 -1.9766720721855702 -7.068293802559073 0.5
color 0.4 0.4 0.4
sphere 0.0 5.599999999999999 -4.0 1.0
color 0.4 0.4 0.4
sphere 0.0 -3.5 -4.0 2.0

plane 0 1 0 3
plane 0 0 1 8

color .6 .7 .8
sun 1 1 .5
color .4 .3 .2
sun -.5 1 0

color 1 0 0

color 0 1 0

plane 0 1 0 3
plane 0 0 1 8

color .6 .7 .8
sun 1 1 .5
color .4 .3 .2
sun -.5 1 0

color 1 0 0

color 0 1 0

color 0 0 1

color .4 .4 .4

color 1.0 0.0 0.0
sphere 0.46132091781102424 3.0056356306502057 -6.171065183278788 1.0
color 0.0 1.0 0.0
sphere 1.1287602220039936 -0.9271904016712034 -7.174075781987283 0.5
color 0.0 0.0 1.0
sphere 2.5 -1.9766720721855702 -7.068293802559073 0.5
color 0.4 0.4 0.4
sphere 0.0 5.599999999999999 -4.0 1.0
color 0.4 0.4 0.4
sphere 0.0 -3.5 -4.0 2.0

plane 0 1 0 3
plane 0 0 1 8

color .6 .7 .8
sun 1 1 .5
color .4 .3 .2
sun -.5 1 0

color 1 0 0

color 0 1 0

color 0 0 1

color .4 .4 .4

color 1.0 0.0 0.0
sphere 0.46132091781102424 3.0056356306502057 -6.171065183278788 1.0
color 0.0 1.0 0.0
sphere 1.1287602220039936 -0.9271904016712034 -7.174075781987283 0.5
color 0.0 0.0 1.0
sphere 2.5 -1.9766720721855702 -7.068293802559073 0.5
color 0.4 0.4 0.4
sphere 0.0 5.599999999999999 -4.0 1.0
color 0.4 0.4 0.4
sphere 0.0 -3.5 -4.0 2.0

plane 0 1 0 3
plane 0 0 1 8

color .6 .7 .8
sun 1 1 .5
color .4 .3 .2
sun -.5 1 0

color 1 0 0

color 0 1 0

color 0 0 1

color .4 .4 .4

color 1.0 0.0 0.0
sphere 0.46132091781102424 3.0056356306502057 -6.171065183278788 1.0
color 0.0 1.0 0.0
sphere 1.1287602220039936 -0.9271904016712034 -7.174075781987283 0.5
color 0.0 0.0 1.0
sphere 2.5 -1.9766720721855702 -7.068293802559073 0.5
color 0.4 0.4 0.4
sphere 0.0 5.599999999999999 -4.0 1.0
color 0.4 0.4 0.4
sphere 0.0 -3.5 -4.0 2.0

plane 0 1 0 3
plane 0 0 1 8

color .6 .7 .8
sun 1 1 .5
color .4 .3 .2
sun -.5 1 0

color 1 0 0

color 0 1 0

color 0 0 1

color .4 .4 .4

color 1.0 0.0 0.0
sphere 0.46132091781102424 3.0056356306502057 -6.171065183278788 1.0
color 0.0 1.0 0.0
sphere 1.1287602220039936 -0.9271904016712034 -7.174075781987283 0.5
color 0.0 0.0 1.0
sphere 2.5 -1.9766720721855702 -7.068293802559073 0.5
color 0.4 0.4 0.4
sphere 0.0 5.599999999999999 -4.0 1.0
color 0.4 0.4 0.4
sphere 0.0 -3.5 -4.0 2.0

plane 0 1 0 3
plane 0 0 1 8

color .6 .7 .8
sun 1 1 .5
color .4 .3 .2
sun -.5 1 0

color 1 0 0

color 0 1 0

color 0 0 1

color .4 .4 .4

color 1.0 0.0 0.0
sphere 0.46132091781102424 3.0056356306502057 -6.171065183278788 1.0
color 0.0 1.0 0.0
sphere 1.1287602220039936 -0.9271904016712034 -7.174075781987283 0.5
color 0.0 0.0 1.0
sphere 2.5 -1.9766720721855702 -7.068293802559073 0.5
color 0.4 0.4 0.4
sphere 0.0 5.599999999999999 -4.0 1.0
color 0.4 0.4 0.4
sphere 0.0 -3.5 -4.0 2.0
