png 200 200 hw5springradius-021.png

fps 8


plane 0 1 0 3

color 1 1 1
sun 1 1 1

color 1 0 0

color 0 0.6 0

color 0 0.3 1
color 1.0 0.0 0.0
sphere 1.6622548739450804 -2.1223004030558648 -4.0 0.5
color 0.0 0.6 0.0
sphere 0.8979215366750389 0.6152768485812155 -4.0 1.5
color 0.0 0.3 1.0
sphere 1.5862065091566606 2.4401340330753722 -4.0 0.25

fps 8


plane 0 1 0 3

color 1 1 1
sun 1 1 1

color 1 0 0

color 0 0.6 0

color 0 0.3 1
color 1.0 0.0 0.0
sphere 1.6622548739450804 -2.1223004030558648 -4.0 0.5
color 0.0 0.6 0.0
sphere 0.8979215366750389 0.6152768485812155 -4.0 1.5
color 0.0 0.3 1.0
sphere 1.5862065091566606 2.4401340330753722 -4.0 0.25

fps 8


plane 0 1 0 3

color 1 1 1
sun 1 1 1

color 1 0 0

color 0 0.6 0

color 0 0.3 1
color 1.0 0.0 0.0
sphere 2.1782643588807176 -1.7780163547431165 -4.0 0.5
color 0.0 0.6 0.0
sphere -0.24258285490801473 -1.2755651003092112 -4.0 1.5
color 0.0 0.3 1.0
sphere 0.9034666907698194 2.171216963068193 -4.0 0.25
