png 200 200 hw5springanchor-114.png

plane 0 1 0 3
plane 0 0 1 8

color .6 .7 .8
sun 1 1 .5
color .4 .3 .2
sun -.5 1 0

color 1 0 0

color 0 1 0

color 0 0 1

color .4 .4 .4

color 1.0 0.0 0.0
sphere -1.884301682481725 1.4989841169842866 -5.983845194078023 1.0
color 0.0 1.0 0.0
sphere -1.7619878868016743 -1.8912810511413058 -6.73921994727466 0.5
color 0.0 0.0 1.0
sphere 0.2925916249731091 5.96003620745872 -6.550055907737902 0.5
color 0.4 0.4 0.4
sphere 0.0 7.899999999999991 -4.0 1.0
color 0.4 0.4 0.4
sphere 0.0 -3.5 -4.0 2.0

plane 0 1 0 3
plane 0 0 1 8

color .6 .7 .8
sun 1 1 .5
color .4 .3 .2
sun -.5 1 0

color 1 0 0

color 0 1 0

color 0 0 1

color .4 .4 .4

color 1.0 0.0 0.0
sphere -1.884301682481725 1.4989841169842866 -5.983845194078023 1.0
color 0.0 1.0 0.0
sphere -1.7619878868016743 -1.8912810511413058 -6.73921994727466 0.5
color 0.0 0.0 1.0
sphere 0.2925916249731091 5.96003620745872 -6.550055907737902 0.5
color 0.4 0.4 0.4
sphere 0.0 7.899999999999991 -4.0 1.0
color 0.4 0.4 0.4
sphere 0.0 -3.5 -4.0 2.0

plane 0 1 0 3
plane 0 0 1 8

color .6 .7 .8
sun 1 1 .5
color .4 .3 .2
sun -.5 1 0

color 1 0 0

color 0 1 0

plane 0 1 0 3
plane 0 0 1 8

color .6 .7 .8
sun 1 1 .5
color .4 .3 .2
sun -.5 1 0

color 1 0 0

color 0 1 0

color 0 0 1

color .4 .4 .4

color 1.0 0.0 0.0
sphere -1.884301682481725 1.4989841169842866 -5.983845194078023 1.0
color 0.0 1.0 0.0
sphere -1.7619878868016743 -1.8912810511413058 -6.73921994727466 0.5
color 0.0 0.0 1.0
sphere 0.2925916249731091 5.96003620745872 -6.550055907737902 0.5
color 0.4 0.4 0.4
sphere 0.0 7.899999999999991 -4.0 1.0
color 0.4 0.4 0.4
sphere 0.0 -3.5 -4.0 2.0

plane 0 1 0 3
plane 0 0 1 8

color .6 .7 .8
sun 1 1 .5
color .4 .3 .2
sun -.5 1 0

color 1 0 0

color 0 1 0

color 0 0 1

color .4 .4 .4

color 1.0 0.0 0.0
sphere -1.884301682481725 1.4989841169842866 -5.983845194078023 1.0
color 0.0 1.0 0.0
sphere -1.7619878868016743 -1.8912810511413058 -6.73921994727466 0.5
color 0.0 0.0 1.0
sphere 0.2925916249731091 5.96003620745872 -6.550055907737902 0.5
color 0.4 0.4 0.4
sphere 0.0 7.899999999999991 -4.0 1.0
color 0.4 0.4 0.4
sphere 0.0 -3.5 -4.0 2.0

plane 0 1 0 3
plane 0 0 1 8

color .6 .7 .8
sun 1 1 .5
color .4 .3 .2
sun -.5 1 0

color 1 0 0

color 0 1 0

color 0 0 1

color .4 .4 .4

color 1.0 0.0 0.0
sphere -1.884301682481725 1.4989841169842866 -5.983845194078023 1.0
color 0.0 1.0 0.0
sphere -1.7619878868016743 -1.8912810511413058 -6.73921994727466 0.5
color 0.0 0.0 1.0
sphere 0.2925916249731091 5.96003620745872 -6.550055907737902 0.5
color 0.4 0.4 0.4
sphere 0.0 7.899999999999991 -4.0 1.0
color 0.4 0.4 0.4
sphere 0.0 -3.5 -4.0 2.0

plane 0 1 0 3
plane 0 0 1 8

color .6 .7 .8
sun 1 1 .5
color .4 .3 .2
sun -.5 1 0

color 1 0 0

color 0 1 0

color 0 0 1

color .4 .4 .4

color 1.0 0.0 0.0
sphere -1.884301682481725 1.4989841169842866 -5.983845194078023 1.0
color 0.0 1.0 0.0
sphere -1.7619878868016743 -1.8912810511413058 -6.73921994727466 0.5
color 0.0 0.0 1.0
sphere 0.2925916249731091 5.96003620745872 -6.550055907737902 0.5
color 0.4 0.4 0.4
sphere 0.0 7.899999999999991 -4.0 1.0
color 0.4 0.4 0.4
sphere 0.0 -3.5 -4.0 2.0

plane 0 1 0 3
plane 0 0 1 8

color .6 .7 .8
sun 1 1 .5
color .4 .3 .2
sun -.5 1 0

color 1 0 0

color 0 1 0

color 0 0 1

color .4 .4 .4

color 1.0 0.0 0.0
sphere -1.884301682481725 1.4989841169842866 -5.983845194078023 1.0
color 0.0 1.0 0.0
sphere -1.7619878868016743 -1.8912810511413058 -6.73921994727466 0.5
color 0.0 0.0 1.0
sphere 0.2925916249731091 5.96003620745872 -6.550055907737902 0.5
color 0.4 0.4 0.4
sphere 0.0 7.899999999999991 -4.0 1.0
color 0.4 0.4 0.4
sphere 0.0 -3.5 -4.0 2.0
