png 200 200 hw5springradius-036.png

fps 8


plane 0 1 0 3

color 1 1 1
sun 1 1 1

color 1 0 0

color 0 0.6 0

color 0 0.3 1
color 1.0 0.0 0.0
sphere 0.9398785038289528 1.1043201670531526 -4.0 0.5
color 0.0 0.6 0.0
sphere 1.5000000000000002 -1.424619622617562 -4.0 1.5
color 0.0 0.3 1.0
sphere 0.42886397438117446 -0.26987359709305564 -4.0 0.25

fps 8


plane 0 1 0 3

color 1 1 1
sun 1 1 1

color 1 0 0

color 0 0.6 0

color 0 0.3 1
color 1.0 0.0 0.0
sphere 0.9398785038289528 1.1043201670531526 -4.0 0.5
color 0.0 0.6 0.0
sphere 1.5000000000000002 -1.424619622617562 -4.0 1.5
color 0.0 0.3 1.0
sphere 0.42886397438117446 -0.26987359709305564 -4.0 0.25

fps 8


plane 0 1 0 3

color 1 1 1
sun 1 1 1

color 1 0 0

color 0 0.6 0

color 0 0.3 1
color 1.0 0.0 0.0
sphere -0.8641938002553589 1.3750242981032952 -4.0 0.5
color 0.0 0.6 0.0
sphere 0.32756957325697467 -0.2311201728439796 -4.0 1.5
color 0.0 0.3 1.0
sphere -0.8175404844935465 -2.121949677829696 -4.0 0.25
