png 200 200 hw5springanchor-054.png

plane 0 1 0 3
plane 0 0 1 8

color .6 .7 .8
sun 1 1 .5
color .4 .3 .2
sun -.5 1 0

color 1 0 0

color 0 1 0

color 0 0 1

color .4 .4 .4

color 1.0 0.0 0.0
sphere -1.7555168499662261 -0.05076186420921744 -4.0 1.0
color 0.0 1.0 0.0
sphere -1.8183717867798863 -1.5494443712527042 -4.0 0.5
color 0.0 0.0 1.0
sphere -1.0819718681779382 -0.2566649063220587 -6.379040240301411 0.5
color 0.4 0.4 0.4
sphere 0.0 1.9000000000000028 -4.0 1.0
color 0.4 0.4 0.4
sphere 0.0 -3.5 -4.0 2.0

plane 0 1 0 3
plane 0 0 1 8

color .6 .7 .8
sun 1 1 .5
color .4 .3 .2
sun -.5 1 0

color 1 0 0

color 0 1 0

color 0 0 1

color .4 .4 .4

color 1.0 0.0 0.0
sphere -1.7555168499662261 -0.05076186420921744 -4.0 1.0
color 0.0 1.0 0.0
sphere -1.8183717867798863 -1.5494443712527042 -4.0 0.5
color 0.0 0.0 1.0
sphere -1.0819718681779382 -0.2566649063220587 -6.379040240301411 0.5
color 0.4 0.4 0.4
sphere 0.0 1.9000000000000028 -4.0 1.0
color 0.4 0.4 0.4
sphere 0.0 -3.5 -4.0 2.0

plane 0 1 0 3
plane 0 0 1 8

color .6 .7 .8
sun 1 1 .5
color .4 .3 .2
sun -.5 1 0

color 1 0 0

color 0 1 0


plane 0 1 0 3
plane 0 0 1 8

color .6 .7 .8
sun 1 1 .5
color .4 .3 .2
sun -.5 1 0

color 1 0 0

color 0 1 0

color 0 0 1

color .4 .4 .4

color 1.0 0.0 0.0
sphere -1.7555168499662261 -0.05076186420921744 -4.0 1.0
color 0.0 1.0 0.0
sphere -1.8183717867798863 -1.5494443712527042 -4.0 0.5
color 0.0 0.0 1.0
sphere -1.0819718681779382 -0.2566649063220587 -6.379040240301411 0.5
color 0.4 0.4 0.4
sphere 0.0 1.9000000000000028 -4.0 1.0
color 0.4 0.4 0.4
sphere 0.0 -3.5 -4.0 2.0

plane 0 1 0 3
plane 0 0 1 8

color .6 .7 .8
sun 1 1 .5
color .4 .3 .2
sun -.5 1 0

color 1 0 0

color 0 1 0

color 0 0 1

color .4 .4 .4

color 1.0 0.0 0.0
sphere -1.7555168499662261 -0.05076186420921744 -4.0 1.0
color 0.0 1.0 0.0
sphere -1.8183717867798863 -1.5494443712527042 -4.0 0.5
color 0.0 0.0 1.0
sphere -1.0819718681779382 -0.2566649063220587 -6.379040240301411 0.5
color 0.4 0.4 0.4
sphere 0.0 1.9000000000000028 -4.0 1.0
color 0.4 0.4 0.4
sphere 0.0 -3.5 -4.0 2.0

plane 0 1 0 3
plane 0 0 1 8

color .6 .7 .8
sun 1 1 .5
color .4 .3 .2
sun -.5 1 0

color 1 0 0

color 0 1 0

color 0 0 1

color .4 .4 .4

color 1.0 0.0 0.0
sphere -1.7555168499662261 -0.05076186420921744 -4.0 1.0
color 0.0 1.0 0.0
sphere -1.8183717867798863 -1.5494443712527042 -4.0 0.5
color 0.0 0.0 1.0
sphere -1.0819718681779382 -0.2566649063220587 -6.379040240301411 0.5
color 0.4 0.4 0.4
sphere 0.0 1.9000000000000028 -4.0 1.0
color 0.4 0.4 0.4
sphere 0.0 -3.5 -4.0 2.0

plane 0 1 0 3
plane 0 0 1 8

color .6 .7 .8
sun 1 1 .5
color .4 .3 .2
sun -.5 1 0

color 1 0 0

color 0 1 0

color 0 0 1

color .4 .4 .4

color 1.0 0.0 0.0
sphere -1.7555168499662261 -0.05076186420921744 -4.0 1.0
color 0.0 1.0 0.0
sphere -1.8183717867798863 -1.5494443712527042 -4.0 0.5
color 0.0 0.0 1.0
sphere -1.0819718681779382 -0.2566649063220587 -6.379040240301411 0.5
color 0.4 0.4 0.4
sphere 0.0 1.9000000000000028 -4.0 1.0
color 0.4 0.4 0.4
sphere 0.0 -3.5 -4.0 2.0

plane 0 1 0 3
plane 0 0 1 8

color .6 .7 .8
sun 1 1 .5
color .4 .3 .2
sun -.5 1 0

color 1 0 0

color 0 1 0

color 0 0 1

color .4 .4 .4

color 1.0 0.0 0.0
sphere -1.7555168499662261 -0.05076186420921744 -4.0 1.0
color 0.0 1.0 0.0
sphere -1.8183717867798863 -1.5494443712527042 -4.0 0.5
color 0.0 0.0 1.0
sphere -1.0819718681779382 -0.2566649063220587 -6.379040240301411 0.5
color 0.4 0.4 0.4
sphere 0.0 1.9000000000000028 -4.0 1.0
color 0.4 0.4 0.4
sphere 0.0 -3.5 -4.0 2.0
