png 200 200 hw5springradius-037.png

fps 8


plane 0 1 0 3

color 1 1 1
sun 1 1 1

color 1 0 0

color 0 0.6 0

color 0 0.3 1
color 1.0 0.0 0.0
sphere 0.8831613212036813 1.4612846364854246 -4.0 0.5
color 0.0 0.6 0.0
sphere 0.8523221862208015 -1.4999999999999998 -4.0 1.5
color 0.0 0.3 1.0
sphere 0.7631969861622612 -0.18175359257990076 -4.0 0.25

fps 8


plane 0 1 0 3

color 1 1 1
sun 1 1 1

color 1 0 0

color 0 0.6 0

color 0 0.3 1
color 1.0 0.0 0.0
sphere 0.8831613212036813 1.4612846364854246 -4.0 0.5
color 0.0 0.6 0.0
sphere 0.8523221862208015 -1.4999999999999998 -4.0 1.5
color 0.0 0.3 1.0
sphere 0.7631969861622612 -0.18175359257990076 -4.0 0.25

fps 8


plane 0 1 0 3

color 1 1 1
sun 1 1 1

color 1 0 0

color 0 0.6 0

color 0 0.3 1
color 1.0 0.0 0.0
sphere -0.7166525931435899 1.8093523424196356 -4.0 0.5
color 0.0 0.6 0.0
sphere 0.18509537278507576 -0.6402202720416073 -4.0 1.5
color 0.0 0.3 1.0
sphere -0.8220318072491214 -2.75 -4.0 0.25
