png 200 200 hw5springanchor-105.png

plane 0 1 0 3
plane 0 0 1 8

color .6 .7 .8
sun 1 1 .5
color .4 .3 .2
sun -.5 1 0

color 1 0 0

color 0 1 0

color 0 0 1

color .4 .4 .4

color 1.0 0.0 0.0
sphere -1.152846381685206 0.22474602924607145 -6.898384519407803 1.0
color 0.0 1.0 0.0
sphere -2.2156202861456 -0.0073047027702959205 -2.914330074070646 0.5
color 0.0 0.0 1.0
sphere 2.5 -1.7402057702551652 -4.824124612722197 0.5
color 0.4 0.4 0.4
sphere 0.0 6.999999999999994 -4.0 1.0
color 0.4 0.4 0.4
sphere 0.0 -3.5 -4.0 2.0

plane 0 1 0 3
plane 0 0 1 8

color .6 .7 .8
sun 1 1 .5
color .4 .3 .2
sun -.5 1 0

color 1 0 0

color 0 1 0

color 0 0 1

color .4 .4 .4

color 1.0 0.0 0.0
sphere -1.152846381685206 0.22474602924607145 -6.898384519407803 1.0
color 0.0 1.0 0.0
sphere -2.2156202861456 -0.0073047027702959205 -2.914330074070646 0.5
color 0.0 0.0 1.0
sphere 2.5 -1.7402057702551652 -4.824124612722197 0.5
color 0.4 0.4 0.4
sphere 0.0 6.999999999999994 -4.0 1.0
color 0.4 0.4 0.4
sphere 0.0 -3.5 -4.0 2.0

plane 0 1 0 3
plane 0 0 1 8

color .6 .7 .8
sun 1 1 .5
color .4 .3 .2
sun -.5 1 0

color 1 0 0

color 0 1 0

plane 0 1 0 3
plane 0 0 1 8

color .6 .7 .8
sun 1 1 .5
color .4 .3 .2
sun -.5 1 0

color 1 0 0

color 0 1 0

color 0 0 1

color .4 .4 .4

color 1.0 0.0 0.0
sphere -1.152846381685206 0.22474602924607145 -6.898384519407803 1.0
color 0.0 1.0 0.0
sphere -2.2156202861456 -0.0073047027702959205 -2.914330074070646 0.5
color 0.0 0.0 1.0
sphere 2.5 -1.7402057702551652 -4.824124612722197 0.5
color 0.4 0.4 0.4
sphere 0.0 6.999999999999994 -4.0 1.0
color 0.4 0.4 0.4
sphere 0.0 -3.5 -4.0 2.0

plane 0 1 0 3
plane 0 0 1 8

color .6 .7 .8
sun 1 1 .5
color .4 .3 .2
sun -.5 1 0

color 1 0 0

color 0 1 0

color 0 0 1

color .4 .4 .4

color 1.0 0.0 0.0
sphere -1.152846381685206 0.22474602924607145 -6.898384519407803 1.0
color 0.0 1.0 0.0
sphere -2.2156202861456 -0.0073047027702959205 -2.914330074070646 0.5
color 0.0 0.0 1.0
sphere 2.5 -1.7402057702551652 -4.824124612722197 0.5
color 0.4 0.4 0.4
sphere 0.0 6.999999999999994 -4.0 1.0
color 0.4 0.4 0.4
sphere 0.0 -3.5 -4.0 2.0

plane 0 1 0 3
plane 0 0 1 8

color .6 .7 .8
sun 1 1 .5
color .4 .3 .2
sun -.5 1 0

color 1 0 0

color 0 1 0

color 0 0 1

color .4 .4 .4

color 1.0 0.0 0.0
sphere -1.152846381685206 0.22474602924607145 -6.898384519407803 1.0
color 0.0 1.0 0.0
sphere -2.2156202861456 -0.0073047027702959205 -2.914330074070646 0.5
color 0.0 0.0 1.0
sphere 2.5 -1.7402057702551652 -4.824124612722197 0.5
color 0.4 0.4 0.4
sphere 0.0 6.999999999999994 -4.0 1.0
color 0.4 0.4 0.4
sphere 0.0 -3.5 -4.0 2.0

plane 0 1 0 3
plane 0 0 1 8

color .6 .7 .8
sun 1 1 .5
color .4 .3 .2
sun -.5 1 0

color 1 0 0

color 0 1 0

color 0 0 1

color .4 .4 .4

color 1.0 0.0 0.0
sphere -1.152846381685206 0.22474602924607145 -6.898384519407803 1.0
color 0.0 1.0 0.0
sphere -2.2156202861456 -0.0073047027702959205 -2.914330074070646 0.5
color 0.0 0.0 1.0
sphere 2.5 -1.7402057702551652 -4.824124612722197 0.5
color 0.4 0.4 0.4
sphere 0.0 6.999999999999994 -4.0 1.0
color 0.4 0.4 0.4
sphere 0.0 -3.5 -4.0 2.0

plane 0 1 0 3
plane 0 0 1 8

color .6 .7 .8
sun 1 1 .5
color .4 .3 .2
sun -.5 1 0

color 1 0 0

color 0 1 0

color 0 0 1

color .4 .4 .4

color 1.0 0.0 0.0
sphere -1.152846381685206 0.22474602924607145 -6.898384519407803 1.0
color 0.0 1.0 0.0
sphere -2.2156202861456 -0.0073047027702959205 -2.914330074070646 0.5
color 0.0 0.0 1.0
sphere 2.5 -1.7402057702551652 -4.824124612722197 0.5
color 0.4 0.4 0.4
sphere 0.0 6.999999999999994 -4.0 1.0
color 0.4 0.4 0.4
sphere 0.0 -3.5 -4.0 2.0
