png 200 200 hw5springanchor-031.png

plane 0 1 0 3
plane 0 0 1 8

color .6 .7 .8
sun 1 1 .5
color .4 .3 .2
sun -.5 1 0

color 1 0 0

color 0 1 0

color 0 0 1

color .4 .4 .4

color 1.0 0.0 0.0
sphere -2.0 3.4143845360904677 -4.0 1.0
color 0.0 1.0 0.0
sphere 2.5 0.041260042246596004 -4.0 0.5
color 0.0 0.0 1.0
sphere 0.2678745338347449 0.36704017653686977 -5.709907207325928 0.5
color 0.4 0.4 0.4
sphere 0.0 -0.399999999999998 -4.0 1.0
color 0.4 0.4 0.4
sphere 0.0 -3.5 -4.0 2.0

plane 0 1 0 3
plane 0 0 1 8

color .6 .7 .8
sun 1 1 .5
color .4 .3 .2
sun -.5 1 0

color 1 0 0

color 0 1 0

color 0 0 1

color .4 .4 .4

color 1.0 0.0 0.0
sphere -2.0 3.4143845360904677 -4.0 1.0
color 0.0 1.0 0.0
sphere 2.5 0.041260042246596004 -4.0 0.5
color 0.0 0.0 1.0
sphere 0.2678745338347449 0.36704017653686977 -5.709907207325928 0.5
color 0.4 0.4 0.4
sphere 0.0 -0.399999999999998 -4.0 1.0
color 0.4 0.4 0.4
sphere 0.0 -3.5 -4.0 2.0

plane 0 1 0 3
plane 0 0 1 8

color .6 .7 .8
sun 1 1 .5
color .4 .3 .2
sun -.5 1 0

color 1 0 0

color 0 1 0


plane 0 1 0 3
plane 0 0 1 8

color .6 .7 .8
sun 1 1 .5
color .4 .3 .2
sun -.5 1 0

color 1 0 0

color 0 1 0

color 0 0 1

color .4 .4 .4

color 1.0 0.0 0.0
sphere -2.0 3.4143845360904677 -4.0 1.0
color 0.0 1.0 0.0
sphere 2.5 0.041260042246596004 -4.0 0.5
color 0.0 0.0 1.0
sphere 0.2678745338347449 0.36704017653686977 -5.709907207325928 0.5
color 0.4 0.4 0.4
sphere 0.0 -0.399999999999998 -4.0 1.0
color 0.4 0.4 0.4
sphere 0.0 -3.5 -4.0 2.0

plane 0 1 0 3
plane 0 0 1 8

color .6 .7 .8
sun 1 1 .5
color .4 .3 .2
sun -.5 1 0

color 1 0 0

color 0 1 0

color 0 0 1

color .4 .4 .4

color 1.0 0.0 0.0
sphere -2.0 3.4143845360904677 -4.0 1.0
color 0.0 1.0 0.0
sphere 2.5 0.041260042246596004 -4.0 0.5
color 0.0 0.0 1.0
sphere 0.2678745338347449 0.36704017653686977 -5.709907207325928 0.5
color 0.4 0.4 0.4
sphere 0.0 -0.399999999999998 -4.0 1.0
color 0.4 0.4 0.4
sphere 0.0 -3.5 -4.0 2.0

plane 0 1 0 3
plane 0 0 1 8

color .6 .7 .8
sun 1 1 .5
color .4 .3 .2
sun -.5 1 0

color 1 0 0

color 0 1 0

color 0 0 1

color .4 .4 .4

color 1.0 0.0 0.0
sphere -2.0 3.4143845360904677 -4.0 1.0
color 0.0 1.0 0.0
sphere 2.5 0.041260042246596004 -4.0 0.5
color 0.0 0.0 1.0
sphere 0.2678745338347449 0.36704017653686977 -5.709907207325928 0.5
color 0.4 0.4 0.4
sphere 0.0 -0.399999999999998 -4.0 1.0
color 0.4 0.4 0.4
sphere 0.0 -3.5 -4.0 2.0

plane 0 1 0 3
plane 0 0 1 8

color .6 .7 .8
sun 1 1 .5
color .4 .3 .2
sun -.5 1 0

color 1 0 0

color 0 1 0

color 0 0 1

color .4 .4 .4

color 1.0 0.0 0.0
sphere -2.0 3.4143845360904677 -4.0 1.0
color 0.0 1.0 0.0
sphere 2.5 0.041260042246596004 -4.0 0.5
color 0.0 0.0 1.0
sphere 0.2678745338347449 0.36704017653686977 -5.709907207325928 0.5
color 0.4 0.4 0.4
sphere 0.0 -0.399999999999998 -4.0 1.0
color 0.4 0.4 0.4
sphere 0.0 -3.5 -4.0 2.0

plane 0 1 0 3
plane 0 0 1 8

color .6 .7 .8
sun 1 1 .5
color .4 .3 .2
sun -.5 1 0

color 1 0 0

color 0 1 0

color 0 0 1

color .4 .4 .4

color 1.0 0.0 0.0
sphere -2.0 3.4143845360904677 -4.0 1.0
color 0.0 1.0 0.0
sphere 2.5 0.041260042246596004 -4.0 0.5
color 0.0 0.0 1.0
sphere 0.2678745338347449 0.36704017653686977 -5.709907207325928 0.5
color 0.4 0.4 0.4
sphere 0.0 -0.399999999999998 -4.0 1.0
color 0.4 0.4 0.4
sphere 0.0 -3.5 -4.0 2.0
