png 200 200 hw5springball-033.png

fps 8


plane 0 1 0 3

color 1 1 1
sun 1 1 1

color 1 0 0

color 0 0.6 0

color 0 0.3 1
color 1.0 0.0 0.0
sphere -1.591847602294532 1.1955059816776774 -4.0 0.5
color 0.0 0.6 0.0
sphere 2.067760558550278 0.530671954931043 -4.0 0.5
color 0.0 0.3 1.0
sphere 0.49239258028224153 0.06129663722496145 -4.0 0.5

fps 8


plane 0 1 0 3

color 1 1 1
sun 1 1 1

color 1 0 0

color 0 0.6 0

color 0 0.3 1
color 1.0 0.0 0.0
sphere -1.591847602294532 1.1955059816776774 -4.0 0.5
color 0.0 0.6 0.0
sphere 2.067760558550278 0.530671954931043 -4.0 0.5
color 0.0 0.3 1.0
sphere 0.49239258028224153 0.06129663722496145 -4.0 0.5

fps 8


plane 0 1 0 3

color 1 1 1
sun 1 1 1

color 1 0 0

color 0 0.6 0

color 0 0.3 1
color 1.0 0.0 0.0
sphere -1.591847602294532 1.1955059816776774 -4.0 0.5
color 0.0 0.6 0.0
sphere 2.067760558550278 0.530671954931043 -4.0 0.5
color 0.0 0.3 1.0
sphere 0.49239258028224153 0.06129663722496145 -4.0 0.5

fps 8


plane 0 1 0 3

color 1 1 1
sun 1 1 1

color 1 0 0

color 0 0.6 0

color 0 0.3 1
color 1.0 0.0 0.0
sphere -1.591847602294532 1.1955059816776774 -4.0 0.5
color 0.0 0.6 0.0
sphere 2.067760558550278 0.530671954931043 -4.0 0.5
color 0.0 0.3 1.0
sphere 0.49239258028224153 0.06129663722496145 -4.0 0.5

fps 8


plane 0 1 0 3

color 1 1 1
sun 1 1 1

color 1 0 0

color 0 0.6 0

color 0 0.3 1
color 1.0 0.0 0.0
sphere -1.591847602294532 1.1955059816776774 -4.0 0.5
color 0.0 0.6 0.0
sphere 2.067760558550278 0.530671954931043 -4.0 0.5
color 0.0 0.3 1.0
sphere 0.49239258028224153 0.06129663722496145 -4.0 0.5

fps 8


plane 0 1 0 3

color 1 1 1
sun 1 1 1

color 1 0 0

color 0 0.6 0

color 0 0.3 1
color 1.0 0.0 0.0
sphere -1.591847602294532 1.1955059816776774 -4.0 0.5
color 0.0 0.6 0.0
sphere 2.067760558550278 0.530671954931043 -4.0 0.5
color 0.0 0.3 1.0
sphere 0.49239258028224153 0.06129663722496145 -4.0 0.5
