png 200 200 hw5springball-011.png

fps 8


plane 0 1 0 3

color 1 1 1
sun 1 1 1

color 1 0 0

color 0 0.6 0

color 0 0.3 1
color 1.0 0.0 0.0
sphere 0.0 -0.09999999999999973 -4.0 0.5
color 0.0 0.6 0.0
sphere 1.5005887348867937 -0.4551748615552471 -4.0 0.5
color 0.0 0.3 1.0
sphere 2.099705632556603 0.455174861555247 -4.0 0.5

fps 8


plane 0 1 0 3

color 1 1 1
sun 1 1 1

color 1 0 0

color 0 0.6 0

color 0 0.3 1
color 1.0 0.0 0.0
sphere 0.0 -0.09999999999999973 -4.0 0.5
color 0.0 0.6 0.0
sphere 1.5005887348867937 -0.4551748615552471 -4.0 0.5
color 0.0 0.3 1.0
sphere 2.099705632556603 0.455174861555247 -4.0 0.5

fps 8


plane 0 1 0 3

color 1 1 1
sun 1 1 1

color 1 0 0

color 0 0.6 0

color 0 0.3 1
color 1.0 0.0 0.0
sphere 0.0 -0.09999999999999973 -4.0 0.5
color 0.0 0.6 0.0
sphere 1.5005887348867937 -0.4551748615552471 -4.0 0.5
color 0.0 0.3 1.0
sphere 2.099705632556603 0.455174861555247 -4.0 0.5

fps 8


plane 0 1 0 3

color 1 1 1
sun 1 1 1

color 1 0 0

color 0 0.6 0

color 0 0.3 1
color 1.0 0.0 0.0
sphere 0.0 -0.09999999999999973 -4.0 0.5
color 0.0 0.6 0.0
sphere 1.5005887348867937 -0.4551748615552471 -4.0 0.5
color 0.0 0.3 1.0
sphere 2.099705632556603 0.455174861555247 -4.0 0.5

fps 8


plane 0 1 0 3

color 1 1 1
sun 1 1 1

color 1 0 0

color 0 0.6 0

color 0 0.3 1
color 1.0 0.0 0.0
sphere 0.0 -0.09999999999999973 -4.0 0.5
color 0.0 0.6 0.0
sphere 1.5005887348867937 -0.4551748615552471 -4.0 0.5
color 0.0 0.3 1.0
sphere 2.099705632556603 0.455174861555247 -4.0 0.5

fps 8


plane 0 1 0 3

color 1 1 1
sun 1 1 1

color 1 0 0

color 0 0.6 0

color 0 0.3 1
color 1.0 0.0 0.0
sphere 0.0 -0.09999999999999973 -4.0 0.5
color 0.0 0.6 0.0
sphere 1.5005887348867937 -0.4551748615552471 -4.0 0.5
color 0.0 0.3 1.0
sphere 2.099705632556603 0.455174861555247 -4.0 0.5
