png 200 200 hw5springelastic-032.png

fps 8


plane 0 1 0 2

color 1 1 1
sun 1 2 1


color 1.0 1.0 1.0
sphere -2.0800855418780193 -0.7855216874822393 -4.0 0.49
color 1.0 1.0 1.0
sphere -2.4020390640169524 -1.51 -4.0 0.49
color 1.0 1.0 1.0
sphere -1.317108597476161 -1.4005551681247188 -4.0 0.49
color 1.0 1.0 1.0
sphere 0.34556465548278953 -1.5100000000000002 -4.0 0.49
color 1.0 1.0 1.0
sphere -0.18197614146790075 -0.7483486926142602 -4.0 0.49
color 1.0 1.0 1.0
sphere 2.299539972894323 -1.4952574102469096 -4.0 0.49
color 1.0 1.0 1.0
sphere 1.3159665492401589 -1.5100000000000002 -4.0 0.49
