png 200 200 hw5springmass-016.png

fps 8

color 1 1 1
sun 1 1 1



color 1.0 1.0 1.0
sphere -0.6 2.0 -4.0 0.5
color 1.0 1.0 1.0
sphere 0.6 2.0 -4.0 0.5
color 1.0 1.0 1.0
sphere -0.5333333333333335 0.0 -4.0 0.5
color 1.0 1.0 1.0
sphere 0.6666666666666665 0.0 -4.0 0.5
color 1.0 1.0 1.0
sphere -0.4363636363636369 -2.0 -4.0 0.5
color 1.0 1.0 1.0
sphere 0.7636363636363631 -2.0 -4.0 0.5

fps 8

color 1 1 1
sun 1 1 1



color 1.0 1.0 1.0
sphere -0.6 2.0 -4.0 0.5
color 1.0 1.0 1.0
sphere 0.6 2.0 -4.0 0.5
color 1.0 1.0 1.0
sphere -0.5333333333333335 0.0 -4.0 0.5
color 1.0 1.0 1.0
sphere 0.6666666666666665 0.0 -4.0 0.5
color 1.0 1.0 1.0
sphere -0.4363636363636369 -2.0 -4.0 0.5
color 1.0 1.0 1.0
sphere 0.7636363636363631 -2.0 -4.0 0.5
