png 200 200 hw5springradius-008.png

fps 8


plane 0 1 0 3

color 1 1 1
sun 1 1 1

color 1 0 0

color 0 0.6 0

color 0 0.3 1
color 1.0 0.0 0.0
sphere -2.019491440827689 -2.2716983310368892 -4.0 0.5
color 0.0 0.6 0.0
sphere -0.024469756983783175 -1.5000000000000002 -4.0 1.5
color 0.0 0.3 1.0
sphere 2.298196935262238 -0.9281120873980233 -4.0 0.25

fps 8


plane 0 1 0 3

color 1 1 1
sun 1 1 1

color 1 0 0

color 0 0.6 0

color 0 0.3 1
color 1.0 0.0 0.0
sphere -2.019491440827689 -2.2716983310368892 -4.0 0.5
color 0.0 0.6 0.0
sphere -0.024469756983783175 -1.5000000000000002 -4.0 1.5
color 0.0 0.3 1.0
sphere 2.298196935262238 -0.9281120873980233 -4.0 0.25

fps 8


plane 0 1 0 3

color 1 1 1
sun 1 1 1

color 1 0 0

color 0 0.6 0

color 0 0.3 1
color 1.0 0.0 0.0
sphere -2.0435658176737794 -2.2657370380968875 -4.0 0.5
color 0.0 0.6 0.0
sphere -0.011482093797753001 -1.5000000000000002 -4.0 1.5
color 0.0 0.3 1.0
sphere 2.309283648922299 -0.9144204433260039 -4.0 0.25
