png 200 200 hw5springmass-017.png

fps 8

color 1 1 1
sun 1 1 1



color 1.0 1.0 1.0
sphere -0.7 2.0 -4.0 0.5
color 1.0 1.0 1.0
sphere 0.7 2.0 -4.0 0.5
color 1.0 1.0 1.0
sphere -0.5666666666666669 0.0 -4.0 0.5
color 1.0 1.0 1.0
sphere 0.8333333333333333 0.0 -4.0 0.5
color 1.0 1.0 1.0
sphere -0.37272727272727324 -2.0 -4.0 0.5
color 1.0 1.0 1.0
sphere 1.027272727272727 -2.0 -4.0 0.5

fps 8

color 1 1 1
sun 1 1 1



color 1.0 1.0 1.0
sphere -0.7 2.0 -4.0 0.5
color 1.0 1.0 1.0
sphere 0.7 2.0 -4.0 0.5
color 1.0 1.0 1.0
sphere -0.5666666666666669 0.0 -4.0 0.5
color 1.0 1.0 1.0
sphere 0.8333333333333333 0.0 -4.0 0.5
color 1.0 1.0 1.0
sphere -0.37272727272727324 -2.0 -4.0 0.5
color 1.0 1.0 1.0
sphere 1.027272727272727 -2.0 -4.0 0.5
