png 200 200 hw5springanchor-063.png

plane 0 1 0 3
plane 0 0 1 8

color .6 .7 .8
sun 1 1 .5
color .4 .3 .2
sun -.5 1 0

color 1 0 0

color 0 1 0

color 0 0 1

color .4 .4 .4

color 1.0 0.0 0.0
sphere -0.27803873064093354 0.6741058709310461 -3.7583994492259123 1.0
color 0.0 1.0 0.0
sphere -1.7694225685756602 -1.7338902146765864 -4.0 0.5
color 0.0 0.0 1.0
sphere 0.7784880459075887 0.2499739934366621 -5.179406814320169 0.5
color 0.4 0.4 0.4
sphere 0.0 2.8000000000000034 -4.0 1.0
color 0.4 0.4 0.4
sphere 0.0 -3.5 -4.0 2.0

plane 0 1 0 3
plane 0 0 1 8

color .6 .7 .8
sun 1 1 .5
color .4 .3 .2
sun -.5 1 0

color 1 0 0

color 0 1 0

color 0 0 1

color .4 .4 .4

color 1.0 0.0 0.0
sphere -0.27803873064093354 0.6741058709310461 -3.7583994492259123 1.0
color 0.0 1.0 0.0
sphere -1.7694225685756602 -1.7338902146765864 -4.0 0.5
color 0.0 0.0 1.0
sphere 0.7784880459075887 0.2499739934366621 -5.179406814320169 0.5
color 0.4 0.4 0.4
sphere 0.0 2.8000000000000034 -4.0 1.0
color 0.4 0.4 0.4
sphere 0.0 -3.5 -4.0 2.0

plane 0 1 0 3
plane 0 0 1 8

color .6 .7 .8
sun 1 1 .5
color .4 .3 .2
sun -.5 1 0

color 1 0 0

color 0 1 0


plane 0 1 0 3
plane 0 0 1 8

color .6 .7 .8
sun 1 1 .5
color .4 .3 .2
sun -.5 1 0

color 1 0 0

color 0 1 0

color 0 0 1

color .4 .4 .4

color 1.0 0.0 0.0
sphere -0.27803873064093354 0.6741058709310461 -3.7583994492259123 1.0
color 0.0 1.0 0.0
sphere -1.7694225685756602 -1.7338902146765864 -4.0 0.5
color 0.0 0.0 1.0
sphere 0.7784880459075887 0.2499739934366621 -5.179406814320169 0.5
color 0.4 0.4 0.4
sphere 0.0 2.8000000000000034 -4.0 1.0
color 0.4 0.4 0.4
sphere 0.0 -3.5 -4.0 2.0

plane 0 1 0 3
plane 0 0 1 8

color .6 .7 .8
sun 1 1 .5
color .4 .3 .2
sun -.5 1 0

color 1 0 0

color 0 1 0

color 0 0 1

color .4 .4 .4

color 1.0 0.0 0.0
sphere -0.27803873064093354 0.6741058709310461 -3.7583994492259123 1.0
color 0.0 1.0 0.0
sphere -1.7694225685756602 -1.7338902146765864 -4.0 0.5
color 0.0 0.0 1.0
sphere 0.7784880459075887 0.2499739934366621 -5.179406814320169 0.5
color 0.4 0.4 0.4
sphere 0.0 2.8000000000000034 -4.0 1.0
color 0.4 0.4 0.4
sphere 0.0 -3.5 -4.0 2.0

plane 0 1 0 3
plane 0 0 1 8

color .6 .7 .8
sun 1 1 .5
color .4 .3 .2
sun -.5 1 0

color 1 0 0

color 0 1 0

color 0 0 1

color .4 .4 .4

color 1.0 0.0 0.0
sphere -0.27803873064093354 0.6741058709310461 -3.7583994492259123 1.0
color 0.0 1.0 0.0
sphere -1.7694225685756602 -1.7338902146765864 -4.0 0.5
color 0.0 0.0 1.0
sphere 0.7784880459075887 0.2499739934366621 -5.179406814320169 0.5
color 0.4 0.4 0.4
sphere 0.0 2.8000000000000034 -4.0 1.0
color 0.4 0.4 0.4
sphere 0.0 -3.5 -4.0 2.0

plane 0 1 0 3
plane 0 0 1 8

color .6 .7 .8
sun 1 1 .5
color .4 .3 .2
sun -.5 1 0

color 1 0 0

color 0 1 0

color 0 0 1

color .4 .4 .4

color 1.0 0.0 0.0
sphere -0.27803873064093354 0.6741058709310461 -3.7583994492259123 1.0
color 0.0 1.0 0.0
sphere -1.7694225685756602 -1.7338902146765864 -4.0 0.5
color 0.0 0.0 1.0
sphere 0.7784880459075887 0.2499739934366621 -5.179406814320169 0.5
color 0.4 0.4 0.4
sphere 0.0 2.8000000000000034 -4.0 1.0
color 0.4 0.4 0.4
sphere 0.0 -3.5 -4.0 2.0

plane 0 1 0 3
plane 0 0 1 8

color .6 .7 .8
sun 1 1 .5
color .4 .3 .2
sun -.5 1 0

color 1 0 0

color 0 1 0

color 0 0 1

color .4 .4 .4

color 1.0 0.0 0.0
sphere -0.27803873064093354 0.6741058709310461 -3.7583994492259123 1.0
color 0.0 1.0 0.0
sphere -1.7694225685756602 -1.7338902146765864 -4.0 0.5
color 0.0 0.0 1.0
sphere 0.7784880459075887 0.2499739934366621 -5.179406814320169 0.5
color 0.4 0.4 0.4
sphere 0.0 2.8000000000000034 -4.0 1.0
color 0.4 0.4 0.4
sphere 0.0 -3.5 -4.0 2.0
