png 200 200 hw5springanchor-109.png

plane 0 1 0 3
plane 0 0 1 8

color .6 .7 .8
sun 1 1 .5
color .4 .3 .2
sun -.5 1 0

color 1 0 0

color 0 1 0

color 0 0 1

color .4 .4 .4

color 1.0 0.0 0.0
sphere -1.6156396517583063 1.7910740682408337 -6.491922597039012 1.0
color 0.0 1.0 0.0
sphere -1.4096988312296053 -1.5754146020476858 -4.747475920159718 0.5
color 0.0 0.0 1.0
sphere 0.9983348533980179 1.985904221888959 -6.207937362312332 0.5
color 0.4 0.4 0.4
sphere 0.0 7.399999999999992 -4.0 1.0
color 0.4 0.4 0.4
sphere 0.0 -3.5 -4.0 2.0

plane 0 1 0 3
plane 0 0 1 8

color .6 .7 .8
sun 1 1 .5
color .4 .3 .2
sun -.5 1 0

color 1 0 0

color 0 1 0

color 0 0 1

color .4 .4 .4

color 1.0 0.0 0.0
sphere -1.6156396517583063 1.7910740682408337 -6.491922597039012 1.0
color 0.0 1.0 0.0
sphere -1.4096988312296053 -1.5754146020476858 -4.747475920159718 0.5
color 0.0 0.0 1.0
sphere 0.9983348533980179 1.985904221888959 -6.207937362312332 0.5
color 0.4 0.4 0.4
sphere 0.0 7.399999999999992 -4.0 1.0
color 0.4 0.4 0.4
sphere 0.0 -3.5 -4.0 2.0

plane 0 1 0 3
plane 0 0 1 8

color .6 .7 .8
sun 1 1 .5
color .4 .3 .2
sun -.5 1 0

color 1 0 0

color 0 1 0

plane 0 1 0 3
plane 0 0 1 8

color .6 .7 .8
sun 1 1 .5
color .4 .3 .2
sun -.5 1 0

color 1 0 0

color 0 1 0

color 0 0 1

color .4 .4 .4

color 1.0 0.0 0.0
sphere -1.6156396517583063 1.7910740682408337 -6.491922597039012 1.0
color 0.0 1.0 0.0
sphere -1.4096988312296053 -1.5754146020476858 -4.747475920159718 0.5
color 0.0 0.0 1.0
sphere 0.9983348533980179 1.985904221888959 -6.207937362312332 0.5
color 0.4 0.4 0.4
sphere 0.0 7.399999999999992 -4.0 1.0
color 0.4 0.4 0.4
sphere 0.0 -3.5 -4.0 2.0

plane 0 1 0 3
plane 0 0 1 8

color .6 .7 .8
sun 1 1 .5
color .4 .3 .2
sun -.5 1 0

color 1 0 0

color 0 1 0

color 0 0 1

color .4 .4 .4

color 1.0 0.0 0.0
sphere -1.6156396517583063 1.7910740682408337 -6.491922597039012 1.0
color 0.0 1.0 0.0
sphere -1.4096988312296053 -1.5754146020476858 -4.747475920159718 0.5
color 0.0 0.0 1.0
sphere 0.9983348533980179 1.985904221888959 -6.207937362312332 0.5
color 0.4 0.4 0.4
sphere 0.0 7.399999999999992 -4.0 1.0
color 0.4 0.4 0.4
sphere 0.0 -3.5 -4.0 2.0

plane 0 1 0 3
plane 0 0 1 8

color .6 .7 .8
sun 1 1 .5
color .4 .3 .2
sun -.5 1 0

color 1 0 0

color 0 1 0

color 0 0 1

color .4 .4 .4

color 1.0 0.0 0.0
sphere -1.6156396517583063 1.7910740682408337 -6.491922597039012 1.0
color 0.0 1.0 0.0
sphere -1.4096988312296053 -1.5754146020476858 -4.747475920159718 0.5
color 0.0 0.0 1.0
sphere 0.9983348533980179 1.985904221888959 -6.207937362312332 0.5
color 0.4 0.4 0.4
sphere 0.0 7.399999999999992 -4.0 1.0
color 0.4 0.4 0.4
sphere 0.0 -3.5 -4.0 2.0

plane 0 1 0 3
plane 0 0 1 8

color .6 .7 .8
sun 1 1 .5
color .4 .3 .2
sun -.5 1 0

color 1 0 0

color 0 1 0

color 0 0 1

color .4 .4 .4

color 1.0 0.0 0.0
sphere -1.6156396517583063 1.7910740682408337 -6.491922597039012 1.0
color 0.0 1.0 0.0
sphere -1.4096988312296053 -1.5754146020476858 -4.747475920159718 0.5
color 0.0 0.0 1.0
sphere 0.9983348533980179 1.985904221888959 -6.207937362312332 0.5
color 0.4 0.4 0.4
sphere 0.0 7.399999999999992 -4.0 1.0
color 0.4 0.4 0.4
sphere 0.0 -3.5 -4.0 2.0

plane 0 1 0 3
plane 0 0 1 8

color .6 .7 .8
sun 1 1 .5
color .4 .3 .2
sun -.5 1 0

color 1 0 0

color 0 1 0

color 0 0 1

color .4 .4 .4

color 1.0 0.0 0.0
sphere -1.6156396517583063 1.7910740682408337 -6.491922597039012 1.0
color 0.0 1.0 0.0
sphere -1.4096988312296053 -1.5754146020476858 -4.747475920159718 0.5
color 0.0 0.0 1.0
sphere 0.9983348533980179 1.985904221888959 -6.207937362312332 0.5
color 0.4 0.4 0.4
sphere 0.0 7.399999999999992 -4.0 1.0
color 0.4 0.4 0.4
sphere 0.0 -3.5 -4.0 2.0
