png 200 200 hw5springball-042.png

fps 8


plane 0 1 0 3

color 1 1 1
sun 1 1 1

color 1 0 0

color 0 0.6 0

color 0 0.3 1
color 1.0 0.0 0.0
sphere -2.309312719863075 -2.5 -4.0 0.5
color 0.0 0.6 0.0
sphere 0.06269521440692327 -0.5851988331045751 -4.0 0.5
color 0.0 0.3 1.0
sphere 1.9015214839435517 0.6705024019821707 -4.0 0.5

fps 8


plane 0 1 0 3

color 1 1 1
sun 1 1 1

color 1 0 0

color 0 0.6 0

color 0 0.3 1
color 1.0 0.0 0.0
sphere -2.309312719863075 -2.5 -4.0 0.5
color 0.0 0.6 0.0
sphere 0.06269521440692327 -0.5851988331045751 -4.0 0.5
color 0.0 0.3 1.0
sphere 1.9015214839435517 0.6705024019821707 -4.0 0.5

fps 8


plane 0 1 0 3

color 1 1 1
sun 1 1 1

color 1 0 0

color 0 0.6 0

color 0 0.3 1
color 1.0 0.0 0.0
sphere -2.309312719863075 -2.5 -4.0 0.5
color 0.0 0.6 0.0
sphere 0.06269521440692327 -0.5851988331045751 -4.0 0.5
color 0.0 0.3 1.0
sphere 1.9015214839435517 0.6705024019821707 -4.0 0.5

fps 8


plane 0 1 0 3

color 1 1 1
sun 1 1 1

color 1 0 0

color 0 0.6 0

color 0 0.3 1
color 1.0 0.0 0.0
sphere -2.309312719863075 -2.5 -4.0 0.5
color 0.0 0.6 0.0
sphere 0.06269521440692327 -0.5851988331045751 -4.0 0.5
color 0.0 0.3 1.0
sphere 1.9015214839435517 0.6705024019821707 -4.0 0.5

fps 8


plane 0 1 0 3

color 1 1 1
sun 1 1 1

color 1 0 0

color 0 0.6 0

color 0 0.3 1
color 1.0 0.0 0.0
sphere -2.309312719863075 -2.5 -4.0 0.5
color 0.0 0.6 0.0
sphere 0.06269521440692327 -0.5851988331045751 -4.0 0.5
color 0.0 0.3 1.0
sphere 1.9015214839435517 0.6705024019821707 -4.0 0.5

fps 8


plane 0 1 0 3

color 1 1 1
sun 1 1 1

color 1 0 0

color 0 0.6 0

color 0 0.3 1
color 1.0 0.0 0.0
sphere -2.309312719863075 -2.5 -4.0 0.5
color 0.0 0.6 0.0
sphere 0.06269521440692327 -0.5851988331045751 -4.0 0.5
color 0.0 0.3 1.0
sphere 1.9015214839435517 0.6705024019821707 -4.0 0.5
