png 200 200 hw5springanchor-025.png

plane 0 1 0 3
plane 0 0 1 8

color .6 .7 .8
sun 1 1 .5
color .4 .3 .2
sun -.5 1 0

color 1 0 0

color 0 1 0

color 0 0 1

color .4 .4 .4

color 1.0 0.0 0.0
sphere 0.0 1.650000000000002 -4.0 1.0
color 0.0 1.0 0.0
sphere 1.2548282530485224 2.9585072086526214 -4.0 0.5
color 0.0 0.0 1.0
sphere 2.1811249334049636 -1.7904228319233044 -7.1542412609525865 0.5
color 0.4 0.4 0.4
sphere 0.0 -0.9999999999999979 -4.0 1.0
color 0.4 0.4 0.4
sphere 0.0 -3.5 -4.0 2.0

plane 0 1 0 3
plane 0 0 1 8

color .6 .7 .8
sun 1 1 .5
color .4 .3 .2
sun -.5 1 0

color 1 0 0

color 0 1 0

color 0 0 1

color .4 .4 .4

color 1.0 0.0 0.0
sphere 0.0 1.650000000000002 -4.0 1.0
color 0.0 1.0 0.0
sphere 1.2548282530485224 2.9585072086526214 -4.0 0.5
color 0.0 0.0 1.0
sphere 2.1811249334049636 -1.7904228319233044 -7.1542412609525865 0.5
color 0.4 0.4 0.4
sphere 0.0 -0.9999999999999979 -4.0 1.0
color 0.4 0.4 0.4
sphere 0.0 -3.5 -4.0 2.0

plane 0 1 0 3
plane 0 0 1 8

color .6 .7 .8
sun 1 1 .5
color .4 .3 .2
sun -.5 1 0

color 1 0 0

color 0 1 0


plane 0 1 0 3
plane 0 0 1 8

color .6 .7 .8
sun 1 1 .5
color .4 .3 .2
sun -.5 1 0

color 1 0 0

color 0 1 0

color 0 0 1

color .4 .4 .4

color 1.0 0.0 0.0
sphere 0.0 1.650000000000002 -4.0 1.0
color 0.0 1.0 0.0
sphere 1.2548282530485224 2.9585072086526214 -4.0 0.5
color 0.0 0.0 1.0
sphere 2.1811249334049636 -1.7904228319233044 -7.1542412609525865 0.5
color 0.4 0.4 0.4
sphere 0.0 -0.9999999999999979 -4.0 1.0
color 0.4 0.4 0.4
sphere 0.0 -3.5 -4.0 2.0

plane 0 1 0 3
plane 0 0 1 8

color .6 .7 .8
sun 1 1 .5
color .4 .3 .2
sun -.5 1 0

color 1 0 0

color 0 1 0

color 0 0 1

color .4 .4 .4

color 1.0 0.0 0.0
sphere 0.0 1.650000000000002 -4.0 1.0
color 0.0 1.0 0.0
sphere 1.2548282530485224 2.9585072086526214 -4.0 0.5
color 0.0 0.0 1.0
sphere 2.1811249334049636 -1.7904228319233044 -7.1542412609525865 0.5
color 0.4 0.4 0.4
sphere 0.0 -0.9999999999999979 -4.0 1.0
color 0.4 0.4 0.4
sphere 0.0 -3.5 -4.0 2.0

plane 0 1 0 3
plane 0 0 1 8

color .6 .7 .8
sun 1 1 .5
color .4 .3 .2
sun -.5 1 0

color 1 0 0

color 0 1 0

color 0 0 1

color .4 .4 .4

color 1.0 0.0 0.0
sphere 0.0 1.650000000000002 -4.0 1.0
color 0.0 1.0 0.0
sphere 1.2548282530485224 2.9585072086526214 -4.0 0.5
color 0.0 0.0 1.0
sphere 2.1811249334049636 -1.7904228319233044 -7.1542412609525865 0.5
color 0.4 0.4 0.4
sphere 0.0 -0.9999999999999979 -4.0 1.0
color 0.4 0.4 0.4
sphere 0.0 -3.5 -4.0 2.0

plane 0 1 0 3
plane 0 0 1 8

color .6 .7 .8
sun 1 1 .5
color .4 .3 .2
sun -.5 1 0

color 1 0 0

color 0 1 0

color 0 0 1

color .4 .4 .4

color 1.0 0.0 0.0
sphere 0.0 1.650000000000002 -4.0 1.0
color 0.0 1.0 0.0
sphere 1.2548282530485224 2.9585072086526214 -4.0 0.5
color 0.0 0.0 1.0
sphere 2.1811249334049636 -1.7904228319233044 -7.1542412609525865 0.5
color 0.4 0.4 0.4
sphere 0.0 -0.9999999999999979 -4.0 1.0
color 0.4 0.4 0.4
sphere 0.0 -3.5 -4.0 2.0

plane 0 1 0 3
plane 0 0 1 8

color .6 .7 .8
sun 1 1 .5
color .4 .3 .2
sun -.5 1 0

color 1 0 0

color 0 1 0

color 0 0 1

color .4 .4 .4

color 1.0 0.0 0.0
sphere 0.0 1.650000000000002 -4.0 1.0
color 0.0 1.0 0.0
sphere 1.2548282530485224 2.9585072086526214 -4.0 0.5
color 0.0 0.0 1.0
sphere 2.1811249334049636 -1.7904228319233044 -7.1542412609525865 0.5
color 0.4 0.4 0.4
sphere 0.0 -0.9999999999999979 -4.0 1.0
color 0.4 0.4 0.4
sphere 0.0 -3.5 -4.0 2.0
