png 200 200 hw5springanchor-064.png

plane 0 1 0 3
plane 0 0 1 8

color .6 .7 .8
sun 1 1 .5
color .4 .3 .2
sun -.5 1 0

color 1 0 0

color 0 1 0

color 0 0 1

color .4 .4 .4

color 1.0 0.0 0.0
sphere 0.3398420139767882 0.9879065600498835 -3.522081510677901 1.0
color 0.0 1.0 0.0
sphere -2.5 -1.7747384994763353 -4.0 0.5
color 0.0 0.0 1.0
sphere 1.491876457413995 0.44978000013230707 -5.253272408527083 0.5
color 0.4 0.4 0.4
sphere 0.0 2.9000000000000035 -4.0 1.0
color 0.4 0.4 0.4
sphere 0.0 -3.5 -4.0 2.0

plane 0 1 0 3
plane 0 0 1 8

color .6 .7 .8
sun 1 1 .5
color .4 .3 .2
sun -.5 1 0

color 1 0 0

color 0 1 0

color 0 0 1

color .4 .4 .4

color 1.0 0.0 0.0
sphere 0.3398420139767882 0.9879065600498835 -3.522081510677901 1.0
color 0.0 1.0 0.0
sphere -2.5 -1.7747384994763353 -4.0 0.5
color 0.0 0.0 1.0
sphere 1.491876457413995 0.44978000013230707 -5.253272408527083 0.5
color 0.4 0.4 0.4
sphere 0.0 2.9000000000000035 -4.0 1.0
color 0.4 0.4 0.4
sphere 0.0 -3.5 -4.0 2.0

plane 0 1 0 3
plane 0 0 1 8

color .6 .7 .8
sun 1 1 .5
color .4 .3 .2
sun -.5 1 0

color 1 0 0

color 0 1 0


plane 0 1 0 3
plane 0 0 1 8

color .6 .7 .8
sun 1 1 .5
color .4 .3 .2
sun -.5 1 0

color 1 0 0

color 0 1 0

color 0 0 1

color .4 .4 .4

color 1.0 0.0 0.0
sphere 0.3398420139767882 0.9879065600498835 -3.522081510677901 1.0
color 0.0 1.0 0.0
sphere -2.5 -1.7747384994763353 -4.0 0.5
color 0.0 0.0 1.0
sphere 1.491876457413995 0.44978000013230707 -5.253272408527083 0.5
color 0.4 0.4 0.4
sphere 0.0 2.9000000000000035 -4.0 1.0
color 0.4 0.4 0.4
sphere 0.0 -3.5 -4.0 2.0

plane 0 1 0 3
plane 0 0 1 8

color .6 .7 .8
sun 1 1 .5
color .4 .3 .2
sun -.5 1 0

color 1 0 0

color 0 1 0

color 0 0 1

color .4 .4 .4

color 1.0 0.0 0.0
sphere 0.3398420139767882 0.9879065600498835 -3.522081510677901 1.0
color 0.0 1.0 0.0
sphere -2.5 -1.7747384994763353 -4.0 0.5
color 0.0 0.0 1.0
sphere 1.491876457413995 0.44978000013230707 -5.253272408527083 0.5
color 0.4 0.4 0.4
sphere 0.0 2.9000000000000035 -4.0 1.0
color 0.4 0.4 0.4
sphere 0.0 -3.5 -4.0 2.0

plane 0 1 0 3
plane 0 0 1 8

color .6 .7 .8
sun 1 1 .5
color .4 .3 .2
sun -.5 1 0

color 1 0 0

color 0 1 0

color 0 0 1

color .4 .4 .4

color 1.0 0.0 0.0
sphere 0.3398420139767882 0.9879065600498835 -3.522081510677901 1.0
color 0.0 1.0 0.0
sphere -2.5 -1.7747384994763353 -4.0 0.5
color 0.0 0.0 1.0
sphere 1.491876457413995 0.44978000013230707 -5.253272408527083 0.5
color 0.4 0.4 0.4
sphere 0.0 2.9000000000000035 -4.0 1.0
color 0.4 0.4 0.4
sphere 0.0 -3.5 -4.0 2.0

plane 0 1 0 3
plane 0 0 1 8

color .6 .7 .8
sun 1 1 .5
color .4 .3 .2
sun -.5 1 0

color 1 0 0

color 0 1 0

color 0 0 1

color .4 .4 .4

color 1.0 0.0 0.0
sphere 0.3398420139767882 0.9879065600498835 -3.522081510677901 1.0
color 0.0 1.0 0.0
sphere -2.5 -1.7747384994763353 -4.0 0.5
color 0.0 0.0 1.0
sphere 1.491876457413995 0.44978000013230707 -5.253272408527083 0.5
color 0.4 0.4 0.4
sphere 0.0 2.9000000000000035 -4.0 1.0
color 0.4 0.4 0.4
sphere 0.0 -3.5 -4.0 2.0

plane 0 1 0 3
plane 0 0 1 8

color .6 .7 .8
sun 1 1 .5
color .4 .3 .2
sun -.5 1 0

color 1 0 0

color 0 1 0

color 0 0 1

color .4 .4 .4

color 1.0 0.0 0.0
sphere 0.3398420139767882 0.9879065600498835 -3.522081510677901 1.0
color 0.0 1.0 0.0
sphere -2.5 -1.7747384994763353 -4.0 0.5
color 0.0 0.0 1.0
sphere 1.491876457413995 0.44978000013230707 -5.253272408527083 0.5
color 0.4 0.4 0.4
sphere 0.0 2.9000000000000035 -4.0 1.0
color 0.4 0.4 0.4
sphere 0.0 -3.5 -4.0 2.0
