png 200 200 hw5springanchor-096.png

plane 0 1 0 3
plane 0 0 1 8

color .6 .7 .8
sun 1 1 .5
color .4 .3 .2
sun -.5 1 0

color 1 0 0

color 0 1 0

color 0 0 1

color .4 .4 .4

color 1.0 0.0 0.0
sphere 0.7693395410944879 1.5456380840552606 -3.828934816721211 1.0
color 0.0 1.0 0.0
sphere -0.2424795559920127 -1.0894752474777432 -5.891753361161556 0.5
color 0.0 0.0 1.0
sphere 0.046515151759389584 -1.006998378344329 -7.468452285789657 0.5
color 0.4 0.4 0.4
sphere 0.0 6.099999999999997 -4.0 1.0
color 0.4 0.4 0.4
sphere 0.0 -3.5 -4.0 2.0

plane 0 1 0 3
plane 0 0 1 8

color .6 .7 .8
sun 1 1 .5
color .4 .3 .2
sun -.5 1 0

color 1 0 0

color 0 1 0

color 0 0 1

color .4 .4 .4

color 1.0 0.0 0.0
sphere 0.7693395410944879 1.5456380840552606 -3.828934816721211 1.0
color 0.0 1.0 0.0
sphere -0.2424795559920127 -1.0894752474777432 -5.891753361161556 0.5
color 0.0 0.0 1.0
sphere 0.046515151759389584 -1.006998378344329 -7.468452285789657 0.5
color 0.4 0.4 0.4
sphere 0.0 6.099999999999997 -4.0 1.0
color 0.4 0.4 0.4
sphere 0.0 -3.5 -4.0 2.0

plane 0 1 0 3
plane 0 0 1 8

color .6 .7 .8
sun 1 1 .5
color .4 .3 .2
sun -.5 1 0

color 1 0 0

color 0 1 0

plane 0 1 0 3
plane 0 0 1 8

color .6 .7 .8
sun 1 1 .5
color .4 .3 .2
sun -.5 1 0

color 1 0 0

color 0 1 0

color 0 0 1

color .4 .4 .4

color 1.0 0.0 0.0
sphere 0.7693395410944879 1.5456380840552606 -3.828934816721211 1.0
color 0.0 1.0 0.0
sphere -0.2424795559920127 -1.0894752474777432 -5.891753361161556 0.5
color 0.0 0.0 1.0
sphere 0.046515151759389584 -1.006998378344329 -7.468452285789657 0.5
color 0.4 0.4 0.4
sphere 0.0 6.099999999999997 -4.0 1.0
color 0.4 0.4 0.4
sphere 0.0 -3.5 -4.0 2.0

plane 0 1 0 3
plane 0 0 1 8

color .6 .7 .8
sun 1 1 .5
color .4 .3 .2
sun -.5 1 0

color 1 0 0

color 0 1 0

color 0 0 1

color .4 .4 .4

color 1.0 0.0 0.0
sphere 0.7693395410944879 1.5456380840552606 -3.828934816721211 1.0
color 0.0 1.0 0.0
sphere -0.2424795559920127 -1.0894752474777432 -5.891753361161556 0.5
color 0.0 0.0 1.0
sphere 0.046515151759389584 -1.006998378344329 -7.468452285789657 0.5
color 0.4 0.4 0.4
sphere 0.0 6.099999999999997 -4.0 1.0
color 0.4 0.4 0.4
sphere 0.0 -3.5 -4.0 2.0

plane 0 1 0 3
plane 0 0 1 8

color .6 .7 .8
sun 1 1 .5
color .4 .3 .2
sun -.5 1 0

color 1 0 0

color 0 1 0

color 0 0 1

color .4 .4 .4

color 1.0 0.0 0.0
sphere 0.7693395410944879 1.5456380840552606 -3.828934816721211 1.0
color 0.0 1.0 0.0
sphere -0.2424795559920127 -1.0894752474777432 -5.891753361161556 0.5
color 0.0 0.0 1.0
sphere 0.046515151759389584 -1.006998378344329 -7.468452285789657 0.5
color 0.4 0.4 0.4
sphere 0.0 6.099999999999997 -4.0 1.0
color 0.4 0.4 0.4
sphere 0.0 -3.5 -4.0 2.0

plane 0 1 0 3
plane 0 0 1 8

color .6 .7 .8
sun 1 1 .5
color .4 .3 .2
sun -.5 1 0

color 1 0 0

color 0 1 0

color 0 0 1

color .4 .4 .4

color 1.0 0.0 0.0
sphere 0.7693395410944879 1.5456380840552606 -3.828934816721211 1.0
color 0.0 1.0 0.0
sphere -0.2424795559920127 -1.0894752474777432 -5.891753361161556 0.5
color 0.0 0.0 1.0
sphere 0.046515151759389584 -1.006998378344329 -7.468452285789657 0.5
color 0.4 0.4 0.4
sphere 0.0 6.099999999999997 -4.0 1.0
color 0.4 0.4 0.4
sphere 0.0 -3.5 -4.0 2.0

plane 0 1 0 3
plane 0 0 1 8

color .6 .7 .8
sun 1 1 .5
color .4 .3 .2
sun -.5 1 0

color 1 0 0

color 0 1 0

color 0 0 1

color .4 .4 .4

color 1.0 0.0 0.0
sphere 0.7693395410944879 1.5456380840552606 -3.828934816721211 1.0
color 0.0 1.0 0.0
sphere -0.2424795559920127 -1.0894752474777432 -5.891753361161556 0.5
color 0.0 0.0 1.0
sphere 0.046515151759389584 -1.006998378344329 -7.468452285789657 0.5
color 0.4 0.4 0.4
sphere 0.0 6.099999999999997 -4.0 1.0
color 0.4 0.4 0.4
sphere 0.0 -3.5 -4.0 2.0
