png 200 200 hw5springmass-023.png

fps 8

color 1 1 1
sun 1 1 1



color 1.0 1.0 1.0
sphere -1.3 2.0 -4.0 0.5
color 1.0 1.0 1.0
sphere 1.3 2.0 -4.0 0.5
color 1.0 1.0 1.0
sphere -0.7666666666666668 0.0 -4.0 0.5
color 1.0 1.0 1.0
sphere 1.8333333333333337 0.0 -4.0 0.5
color 1.0 1.0 1.0
sphere 0.009090909090908705 -2.0 -4.0 0.5
color 1.0 1.0 1.0
sphere 2.609090909090909 -2.0 -4.0 0.5

fps 8

color 1 1 1
sun 1 1 1



color 1.0 1.0 1.0
sphere -1.3 2.0 -4.0 0.5
color 1.0 1.0 1.0
sphere 1.3 2.0 -4.0 0.5
color 1.0 1.0 1.0
sphere -0.7666666666666668 0.0 -4.0 0.5
color 1.0 1.0 1.0
sphere 1.8333333333333337 0.0 -4.0 0.5
color 1.0 1.0 1.0
sphere 0.009090909090908705 -2.0 -4.0 0.5
color 1.0 1.0 1.0
sphere 2.609090909090909 -2.0 -4.0 0.5
