png 200 200 hw5springanchor-084.png

plane 0 1 0 3
plane 0 0 1 8

color .6 .7 .8
sun 1 1 .5
color .4 .3 .2
sun -.5 1 0

color 1 0 0

color 0 1 0

color 0 0 1

color .4 .4 .4

color 1.0 0.0 0.0
sphere -0.6214855608549938 0.8496321958831288 -3.1163655270074093 1.0
color 0.0 1.0 0.0
sphere 1.9945877560459664 0.1596462321566965 -4.359644164020005 0.5
color 0.0 0.0 1.0
sphere -0.5372121214075117 -1.293001621655671 -6.508071926036256 0.5
color 0.4 0.4 0.4
sphere 0.0 4.900000000000001 -4.0 1.0
color 0.4 0.4 0.4
sphere 0.0 -3.5 -4.0 2.0

plane 0 1 0 3
plane 0 0 1 8

color .6 .7 .8
sun 1 1 .5
color .4 .3 .2
sun -.5 1 0

color 1 0 0

color 0 1 0

color 0 0 1

color .4 .4 .4

color 1.0 0.0 0.0
sphere -0.6214855608549938 0.8496321958831288 -3.1163655270074093 1.0
color 0.0 1.0 0.0
sphere 1.9945877560459664 0.1596462321566965 -4.359644164020005 0.5
color 0.0 0.0 1.0
sphere -0.5372121214075117 -1.293001621655671 -6.508071926036256 0.5
color 0.4 0.4 0.4
sphere 0.0 4.900000000000001 -4.0 1.0
color 0.4 0.4 0.4
sphere 0.0 -3.5 -4.0 2.0

plane 0 1 0 3
plane 0 0 1 8

color .6 .7 .8
sun 1 1 .5
color .4 .3 .2
sun -.5 1 0

color 1 0 0

color 0 1 0

plane 0 1 0 3
plane 0 0 1 8

color .6 .7 .8
sun 1 1 .5
color .4 .3 .2
sun -.5 1 0

color 1 0 0

color 0 1 0

color 0 0 1

color .4 .4 .4

color 1.0 0.0 0.0
sphere -0.6214855608549938 0.8496321958831288 -3.1163655270074093 1.0
color 0.0 1.0 0.0
sphere 1.9945877560459664 0.1596462321566965 -4.359644164020005 0.5
color 0.0 0.0 1.0
sphere -0.5372121214075117 -1.293001621655671 -6.508071926036256 0.5
color 0.4 0.4 0.4
sphere 0.0 4.900000000000001 -4.0 1.0
color 0.4 0.4 0.4
sphere 0.0 -3.5 -4.0 2.0

plane 0 1 0 3
plane 0 0 1 8

color .6 .7 .8
sun 1 1 .5
color .4 .3 .2
sun -.5 1 0

color 1 0 0

color 0 1 0

color 0 0 1

color .4 .4 .4

color 1.0 0.0 0.0
sphere -0.6214855608549938 0.8496321958831288 -3.1163655270074093 1.0
color 0.0 1.0 0.0
sphere 1.9945877560459664 0.1596462321566965 -4.359644164020005 0.5
color 0.0 0.0 1.0
sphere -0.5372121214075117 -1.293001621655671 -6.508071926036256 0.5
color 0.4 0.4 0.4
sphere 0.0 4.900000000000001 -4.0 1.0
color 0.4 0.4 0.4
sphere 0.0 -3.5 -4.0 2.0

plane 0 1 0 3
plane 0 0 1 8

color .6 .7 .8
sun 1 1 .5
color .4 .3 .2
sun -.5 1 0

color 1 0 0

color 0 1 0

color 0 0 1

color .4 .4 .4

color 1.0 0.0 0.0
sphere -0.6214855608549938 0.8496321958831288 -3.1163655270074093 1.0
color 0.0 1.0 0.0
sphere 1.9945877560459664 0.1596462321566965 -4.359644164020005 0.5
color 0.0 0.0 1.0
sphere -0.5372121214075117 -1.293001621655671 -6.508071926036256 0.5
color 0.4 0.4 0.4
sphere 0.0 4.900000000000001 -4.0 1.0
color 0.4 0.4 0.4
sphere 0.0 -3.5 -4.0 2.0

plane 0 1 0 3
plane 0 0 1 8

color .6 .7 .8
sun 1 1 .5
color .4 .3 .2
sun -.5 1 0

color 1 0 0

color 0 1 0

color 0 0 1

color .4 .4 .4

color 1.0 0.0 0.0
sphere -0.6214855608549938 0.8496321958831288 -3.1163655270074093 1.0
color 0.0 1.0 0.0
sphere 1.9945877560459664 0.1596462321566965 -4.359644164020005 0.5
color 0.0 0.0 1.0
sphere -0.5372121214075117 -1.293001621655671 -6.508071926036256 0.5
color 0.4 0.4 0.4
sphere 0.0 4.900000000000001 -4.0 1.0
color 0.4 0.4 0.4
sphere 0.0 -3.5 -4.0 2.0

plane 0 1 0 3
plane 0 0 1 8

color .6 .7 .8
sun 1 1 .5
color .4 .3 .2
sun -.5 1 0

color 1 0 0

color 0 1 0

color 0 0 1

color .4 .4 .4

color 1.0 0.0 0.0
sphere -0.6214855608549938 0.8496321958831288 -3.1163655270074093 1.0
color 0.0 1.0 0.0
sphere 1.9945877560459664 0.1596462321566965 -4.359644164020005 0.5
color 0.0 0.0 1.0
sphere -0.5372121214075117 -1.293001621655671 -6.508071926036256 0.5
color 0.4 0.4 0.4
sphere 0.0 4.900000000000001 -4.0 1.0
color 0.4 0.4 0.4
sphere 0.0 -3.5 -4.0 2.0
