png 200 200 hw5springanchor-043.png

plane 0 1 0 3
plane 0 0 1 8

color .6 .7 .8
sun 1 1 .5
color .4 .3 .2
sun -.5 1 0

color 1 0 0

color 0 1 0

color 0 0 1

color .4 .4 .4

color 1.0 0.0 0.0
sphere 1.1391977100955595 4.560096653665843 -4.0 1.0
color 0.0 1.0 0.0
sphere 0.5693380724808002 -0.5877514760301434 -4.0 0.5
color 0.0 0.0 1.0
sphere 0.5702616012953756 -1.7630554088601718 -6.879269917582392 0.5
color 0.4 0.4 0.4
sphere 0.0 0.8000000000000019 -4.0 1.0
color 0.4 0.4 0.4
sphere 0.0 -3.5 -4.0 2.0

plane 0 1 0 3
plane 0 0 1 8

color .6 .7 .8
sun 1 1 .5
color .4 .3 .2
sun -.5 1 0

color 1 0 0

color 0 1 0

color 0 0 1

color .4 .4 .4

color 1.0 0.0 0.0
sphere 1.1391977100955595 4.560096653665843 -4.0 1.0
color 0.0 1.0 0.0
sphere 0.5693380724808002 -0.5877514760301434 -4.0 0.5
color 0.0 0.0 1.0
sphere 0.5702616012953756 -1.7630554088601718 -6.879269917582392 0.5
color 0.4 0.4 0.4
sphere 0.0 0.8000000000000019 -4.0 1.0
color 0.4 0.4 0.4
sphere 0.0 -3.5 -4.0 2.0

plane 0 1 0 3
plane 0 0 1 8

color .6 .7 .8
sun 1 1 .5
color .4 .3 .2
sun -.5 1 0

color 1 0 0

color 0 1 0


plane 0 1 0 3
plane 0 0 1 8

color .6 .7 .8
sun 1 1 .5
color .4 .3 .2
sun -.5 1 0

color 1 0 0

color 0 1 0

color 0 0 1

color .4 .4 .4

color 1.0 0.0 0.0
sphere 1.1391977100955595 4.560096653665843 -4.0 1.0
color 0.0 1.0 0.0
sphere 0.5693380724808002 -0.5877514760301434 -4.0 0.5
color 0.0 0.0 1.0
sphere 0.5702616012953756 -1.7630554088601718 -6.879269917582392 0.5
color 0.4 0.4 0.4
sphere 0.0 0.8000000000000019 -4.0 1.0
color 0.4 0.4 0.4
sphere 0.0 -3.5 -4.0 2.0

plane 0 1 0 3
plane 0 0 1 8

color .6 .7 .8
sun 1 1 .5
color .4 .3 .2
sun -.5 1 0

color 1 0 0

color 0 1 0

color 0 0 1

color .4 .4 .4

color 1.0 0.0 0.0
sphere 1.1391977100955595 4.560096653665843 -4.0 1.0
color 0.0 1.0 0.0
sphere 0.5693380724808002 -0.5877514760301434 -4.0 0.5
color 0.0 0.0 1.0
sphere 0.5702616012953756 -1.7630554088601718 -6.879269917582392 0.5
color 0.4 0.4 0.4
sphere 0.0 0.8000000000000019 -4.0 1.0
color 0.4 0.4 0.4
sphere 0.0 -3.5 -4.0 2.0

plane 0 1 0 3
plane 0 0 1 8

color .6 .7 .8
sun 1 1 .5
color .4 .3 .2
sun -.5 1 0

color 1 0 0

color 0 1 0

color 0 0 1

color .4 .4 .4

color 1.0 0.0 0.0
sphere 1.1391977100955595 4.560096653665843 -4.0 1.0
color 0.0 1.0 0.0
sphere 0.5693380724808002 -0.5877514760301434 -4.0 0.5
color 0.0 0.0 1.0
sphere 0.5702616012953756 -1.7630554088601718 -6.879269917582392 0.5
color 0.4 0.4 0.4
sphere 0.0 0.8000000000000019 -4.0 1.0
color 0.4 0.4 0.4
sphere 0.0 -3.5 -4.0 2.0

plane 0 1 0 3
plane 0 0 1 8

color .6 .7 .8
sun 1 1 .5
color .4 .3 .2
sun -.5 1 0

color 1 0 0

color 0 1 0

color 0 0 1

color .4 .4 .4

color 1.0 0.0 0.0
sphere 1.1391977100955595 4.560096653665843 -4.0 1.0
color 0.0 1.0 0.0
sphere 0.5693380724808002 -0.5877514760301434 -4.0 0.5
color 0.0 0.0 1.0
sphere 0.5702616012953756 -1.7630554088601718 -6.879269917582392 0.5
color 0.4 0.4 0.4
sphere 0.0 0.8000000000000019 -4.0 1.0
color 0.4 0.4 0.4
sphere 0.0 -3.5 -4.0 2.0

plane 0 1 0 3
plane 0 0 1 8

color .6 .7 .8
sun 1 1 .5
color .4 .3 .2
sun -.5 1 0

color 1 0 0

color 0 1 0

color 0 0 1

color .4 .4 .4

color 1.0 0.0 0.0
sphere 1.1391977100955595 4.560096653665843 -4.0 1.0
color 0.0 1.0 0.0
sphere 0.5693380724808002 -0.5877514760301434 -4.0 0.5
color 0.0 0.0 1.0
sphere 0.5702616012953756 -1.7630554088601718 -6.879269917582392 0.5
color 0.4 0.4 0.4
sphere 0.0 0.8000000000000019 -4.0 1.0
color 0.4 0.4 0.4
sphere 0.0 -3.5 -4.0 2.0
