png 200 200 hw5springanchor-016.png

plane 0 1 0 3
plane 0 0 1 8

color .6 .7 .8
sun 1 1 .5
color .4 .3 .2
sun -.5 1 0

color 1 0 0

color 0 1 0

color 0 0 1

color .4 .4 .4

color 1.0 0.0 0.0
sphere 0.0 2.500000000000001 -4.0 1.0
color 0.0 1.0 0.0
sphere 2.3508812405758945 1.537801154125961 -4.0 0.5
color 0.0 0.0 1.0
sphere 0.06552062641699052 -0.025429222625328374 -3.9320742341392574 0.5
color 0.4 0.4 0.4
sphere 0.0 -1.8999999999999986 -4.0 1.0
color 0.4 0.4 0.4
sphere 0.0 -3.5 -4.0 2.0

plane 0 1 0 3
plane 0 0 1 8

color .6 .7 .8
sun 1 1 .5
color .4 .3 .2
sun -.5 1 0

color 1 0 0

color 0 1 0

color 0 0 1

color .4 .4 .4

color 1.0 0.0 0.0
sphere 0.0 2.500000000000001 -4.0 1.0
color 0.0 1.0 0.0
sphere 2.3508812405758945 1.537801154125961 -4.0 0.5
color 0.0 0.0 1.0
sphere 0.06552062641699052 -0.025429222625328374 -3.9320742341392574 0.5
color 0.4 0.4 0.4
sphere 0.0 -1.8999999999999986 -4.0 1.0
color 0.4 0.4 0.4
sphere 0.0 -3.5 -4.0 2.0

plane 0 1 0 3
plane 0 0 1 8

color .6 .7 .8
sun 1 1 .5
color .4 .3 .2
sun -.5 1 0

color 1 0 0

color 0 1 0


plane 0 1 0 3
plane 0 0 1 8

color .6 .7 .8
sun 1 1 .5
color .4 .3 .2
sun -.5 1 0

color 1 0 0

color 0 1 0

color 0 0 1

color .4 .4 .4

color 1.0 0.0 0.0
sphere 0.0 2.500000000000001 -4.0 1.0
color 0.0 1.0 0.0
sphere 2.3508812405758945 1.537801154125961 -4.0 0.5
color 0.0 0.0 1.0
sphere 0.06552062641699052 -0.025429222625328374 -3.9320742341392574 0.5
color 0.4 0.4 0.4
sphere 0.0 -1.8999999999999986 -4.0 1.0
color 0.4 0.4 0.4
sphere 0.0 -3.5 -4.0 2.0

plane 0 1 0 3
plane 0 0 1 8

color .6 .7 .8
sun 1 1 .5
color .4 .3 .2
sun -.5 1 0

color 1 0 0

color 0 1 0

color 0 0 1

color .4 .4 .4

color 1.0 0.0 0.0
sphere 0.0 2.500000000000001 -4.0 1.0
color 0.0 1.0 0.0
sphere 2.3508812405758945 1.537801154125961 -4.0 0.5
color 0.0 0.0 1.0
sphere 0.06552062641699052 -0.025429222625328374 -3.9320742341392574 0.5
color 0.4 0.4 0.4
sphere 0.0 -1.8999999999999986 -4.0 1.0
color 0.4 0.4 0.4
sphere 0.0 -3.5 -4.0 2.0

plane 0 1 0 3
plane 0 0 1 8

color .6 .7 .8
sun 1 1 .5
color .4 .3 .2
sun -.5 1 0

color 1 0 0

color 0 1 0

color 0 0 1

color .4 .4 .4

color 1.0 0.0 0.0
sphere 0.0 2.500000000000001 -4.0 1.0
color 0.0 1.0 0.0
sphere 2.3508812405758945 1.537801154125961 -4.0 0.5
color 0.0 0.0 1.0
sphere 0.06552062641699052 -0.025429222625328374 -3.9320742341392574 0.5
color 0.4 0.4 0.4
sphere 0.0 -1.8999999999999986 -4.0 1.0
color 0.4 0.4 0.4
sphere 0.0 -3.5 -4.0 2.0

plane 0 1 0 3
plane 0 0 1 8

color .6 .7 .8
sun 1 1 .5
color .4 .3 .2
sun -.5 1 0

color 1 0 0

color 0 1 0

color 0 0 1

color .4 .4 .4

color 1.0 0.0 0.0
sphere 0.0 2.500000000000001 -4.0 1.0
color 0.0 1.0 0.0
sphere 2.3508812405758945 1.537801154125961 -4.0 0.5
color 0.0 0.0 1.0
sphere 0.06552062641699052 -0.025429222625328374 -3.9320742341392574 0.5
color 0.4 0.4 0.4
sphere 0.0 -1.8999999999999986 -4.0 1.0
color 0.4 0.4 0.4
sphere 0.0 -3.5 -4.0 2.0

plane 0 1 0 3
plane 0 0 1 8

color .6 .7 .8
sun 1 1 .5
color .4 .3 .2
sun -.5 1 0

color 1 0 0

color 0 1 0

color 0 0 1

color .4 .4 .4

color 1.0 0.0 0.0
sphere 0.0 2.500000000000001 -4.0 1.0
color 0.0 1.0 0.0
sphere 2.3508812405758945 1.537801154125961 -4.0 0.5
color 0.0 0.0 1.0
sphere 0.06552062641699052 -0.025429222625328374 -3.9320742341392574 0.5
color 0.4 0.4 0.4
sphere 0.0 -1.8999999999999986 -4.0 1.0
color 0.4 0.4 0.4
sphere 0.0 -3.5 -4.0 2.0
