png 200 200 hw5springanchor-107.png

plane 0 1 0 3
plane 0 0 1 8

color .6 .7 .8
sun 1 1 .5
color .4 .3 .2
sun -.5 1 0

color 1 0 0

color 0 1 0

color 0 0 1

color .4 .4 .4

color 1.0 0.0 0.0
sphere -1.384243016721756 1.2079100487434526 -6.695153558223407 1.0
color 0.0 1.0 0.0
sphere -1.6468608584368 -0.8177156303194208 -3.7429902222119384 0.5
color 0.0 0.0 1.0
sphere 1.2806321447679814 -0.303748572338945 -5.257993270050234 0.5
color 0.4 0.4 0.4
sphere 0.0 7.199999999999993 -4.0 1.0
color 0.4 0.4 0.4
sphere 0.0 -3.5 -4.0 2.0

plane 0 1 0 3
plane 0 0 1 8

color .6 .7 .8
sun 1 1 .5
color .4 .3 .2
sun -.5 1 0

color 1 0 0

color 0 1 0

color 0 0 1

color .4 .4 .4

color 1.0 0.0 0.0
sphere -1.384243016721756 1.2079100487434526 -6.695153558223407 1.0
color 0.0 1.0 0.0
sphere -1.6468608584368 -0.8177156303194208 -3.7429902222119384 0.5
color 0.0 0.0 1.0
sphere 1.2806321447679814 -0.303748572338945 -5.257993270050234 0.5
color 0.4 0.4 0.4
sphere 0.0 7.199999999999993 -4.0 1.0
color 0.4 0.4 0.4
sphere 0.0 -3.5 -4.0 2.0

plane 0 1 0 3
plane 0 0 1 8

color .6 .7 .8
sun 1 1 .5
color .4 .3 .2
sun -.5 1 0

color 1 0 0

color 0 1 0

plane 0 1 0 3
plane 0 0 1 8

color .6 .7 .8
sun 1 1 .5
color .4 .3 .2
sun -.5 1 0

color 1 0 0

color 0 1 0

color 0 0 1

color .4 .4 .4

color 1.0 0.0 0.0
sphere -1.384243016721756 1.2079100487434526 -6.695153558223407 1.0
color 0.0 1.0 0.0
sphere -1.6468608584368 -0.8177156303194208 -3.7429902222119384 0.5
color 0.0 0.0 1.0
sphere 1.2806321447679814 -0.303748572338945 -5.257993270050234 0.5
color 0.4 0.4 0.4
sphere 0.0 7.199999999999993 -4.0 1.0
color 0.4 0.4 0.4
sphere 0.0 -3.5 -4.0 2.0

plane 0 1 0 3
plane 0 0 1 8

color .6 .7 .8
sun 1 1 .5
color .4 .3 .2
sun -.5 1 0

color 1 0 0

color 0 1 0

color 0 0 1

color .4 .4 .4

color 1.0 0.0 0.0
sphere -1.384243016721756 1.2079100487434526 -6.695153558223407 1.0
color 0.0 1.0 0.0
sphere -1.6468608584368 -0.8177156303194208 -3.7429902222119384 0.5
color 0.0 0.0 1.0
sphere 1.2806321447679814 -0.303748572338945 -5.257993270050234 0.5
color 0.4 0.4 0.4
sphere 0.0 7.199999999999993 -4.0 1.0
color 0.4 0.4 0.4
sphere 0.0 -3.5 -4.0 2.0

plane 0 1 0 3
plane 0 0 1 8

color .6 .7 .8
sun 1 1 .5
color .4 .3 .2
sun -.5 1 0

color 1 0 0

color 0 1 0

color 0 0 1

color .4 .4 .4

color 1.0 0.0 0.0
sphere -1.384243016721756 1.2079100487434526 -6.695153558223407 1.0
color 0.0 1.0 0.0
sphere -1.6468608584368 -0.8177156303194208 -3.7429902222119384 0.5
color 0.0 0.0 1.0
sphere 1.2806321447679814 -0.303748572338945 -5.257993270050234 0.5
color 0.4 0.4 0.4
sphere 0.0 7.199999999999993 -4.0 1.0
color 0.4 0.4 0.4
sphere 0.0 -3.5 -4.0 2.0

plane 0 1 0 3
plane 0 0 1 8

color .6 .7 .8
sun 1 1 .5
color .4 .3 .2
sun -.5 1 0

color 1 0 0

color 0 1 0

color 0 0 1

color .4 .4 .4

color 1.0 0.0 0.0
sphere -1.384243016721756 1.2079100487434526 -6.695153558223407 1.0
color 0.0 1.0 0.0
sphere -1.6468608584368 -0.8177156303194208 -3.7429902222119384 0.5
color 0.0 0.0 1.0
sphere 1.2806321447679814 -0.303748572338945 -5.257993270050234 0.5
color 0.4 0.4 0.4
sphere 0.0 7.199999999999993 -4.0 1.0
color 0.4 0.4 0.4
sphere 0.0 -3.5 -4.0 2.0

plane 0 1 0 3
plane 0 0 1 8

color .6 .7 .8
sun 1 1 .5
color .4 .3 .2
sun -.5 1 0

color 1 0 0

color 0 1 0

color 0 0 1

color .4 .4 .4

color 1.0 0.0 0.0
sphere -1.384243016721756 1.2079100487434526 -6.695153558223407 1.0
color 0.0 1.0 0.0
sphere -1.6468608584368 -0.8177156303194208 -3.7429902222119384 0.5
color 0.0 0.0 1.0
sphere 1.2806321447679814 -0.303748572338945 -5.257993270050234 0.5
color 0.4 0.4 0.4
sphere 0.0 7.199999999999993 -4.0 1.0
color 0.4 0.4 0.4
sphere 0.0 -3.5 -4.0 2.0
