png 200 200 hw5springanchor-050.png

plane 0 1 0 3
plane 0 0 1 8

color .6 .7 .8
sun 1 1 .5
color .4 .3 .2
sun -.5 1 0

color 1 0 0

color 0 1 0

color 0 0 1

color .4 .4 .4

color 1.0 0.0 0.0
sphere -2.0 2.3598306554514457 -4.0 1.0
color 0.0 1.0 0.0
sphere 0.6508587655213903 -0.13148913623670638 -4.0 0.5
color 0.0 0.0 1.0
sphere 0.9648691993523122 0.5955567291186274 -7.019588674414891 0.5
color 0.4 0.4 0.4
sphere 0.0 1.5000000000000024 -4.0 1.0
color 0.4 0.4 0.4
sphere 0.0 -3.5 -4.0 2.0

plane 0 1 0 3
plane 0 0 1 8

color .6 .7 .8
sun 1 1 .5
color .4 .3 .2
sun -.5 1 0

color 1 0 0

color 0 1 0

color 0 0 1

color .4 .4 .4

color 1.0 0.0 0.0
sphere -2.0 2.3598306554514457 -4.0 1.0
color 0.0 1.0 0.0
sphere 0.6508587655213903 -0.13148913623670638 -4.0 0.5
color 0.0 0.0 1.0
sphere 0.9648691993523122 0.5955567291186274 -7.019588674414891 0.5
color 0.4 0.4 0.4
sphere 0.0 1.5000000000000024 -4.0 1.0
color 0.4 0.4 0.4
sphere 0.0 -3.5 -4.0 2.0

plane 0 1 0 3
plane 0 0 1 8

color .6 .7 .8
sun 1 1 .5
color .4 .3 .2
sun -.5 1 0

color 1 0 0

color 0 1 0


plane 0 1 0 3
plane 0 0 1 8

color .6 .7 .8
sun 1 1 .5
color .4 .3 .2
sun -.5 1 0

color 1 0 0

color 0 1 0

color 0 0 1

color .4 .4 .4

color 1.0 0.0 0.0
sphere -2.0 2.3598306554514457 -4.0 1.0
color 0.0 1.0 0.0
sphere 0.6508587655213903 -0.13148913623670638 -4.0 0.5
color 0.0 0.0 1.0
sphere 0.9648691993523122 0.5955567291186274 -7.019588674414891 0.5
color 0.4 0.4 0.4
sphere 0.0 1.5000000000000024 -4.0 1.0
color 0.4 0.4 0.4
sphere 0.0 -3.5 -4.0 2.0

plane 0 1 0 3
plane 0 0 1 8

color .6 .7 .8
sun 1 1 .5
color .4 .3 .2
sun -.5 1 0

color 1 0 0

color 0 1 0

color 0 0 1

color .4 .4 .4

color 1.0 0.0 0.0
sphere -2.0 2.3598306554514457 -4.0 1.0
color 0.0 1.0 0.0
sphere 0.6508587655213903 -0.13148913623670638 -4.0 0.5
color 0.0 0.0 1.0
sphere 0.9648691993523122 0.5955567291186274 -7.019588674414891 0.5
color 0.4 0.4 0.4
sphere 0.0 1.5000000000000024 -4.0 1.0
color 0.4 0.4 0.4
sphere 0.0 -3.5 -4.0 2.0

plane 0 1 0 3
plane 0 0 1 8

color .6 .7 .8
sun 1 1 .5
color .4 .3 .2
sun -.5 1 0

color 1 0 0

color 0 1 0

color 0 0 1

color .4 .4 .4

color 1.0 0.0 0.0
sphere -2.0 2.3598306554514457 -4.0 1.0
color 0.0 1.0 0.0
sphere 0.6508587655213903 -0.13148913623670638 -4.0 0.5
color 0.0 0.0 1.0
sphere 0.9648691993523122 0.5955567291186274 -7.019588674414891 0.5
color 0.4 0.4 0.4
sphere 0.0 1.5000000000000024 -4.0 1.0
color 0.4 0.4 0.4
sphere 0.0 -3.5 -4.0 2.0

plane 0 1 0 3
plane 0 0 1 8

color .6 .7 .8
sun 1 1 .5
color .4 .3 .2
sun -.5 1 0

color 1 0 0

color 0 1 0

color 0 0 1

color .4 .4 .4

color 1.0 0.0 0.0
sphere -2.0 2.3598306554514457 -4.0 1.0
color 0.0 1.0 0.0
sphere 0.6508587655213903 -0.13148913623670638 -4.0 0.5
color 0.0 0.0 1.0
sphere 0.9648691993523122 0.5955567291186274 -7.019588674414891 0.5
color 0.4 0.4 0.4
sphere 0.0 1.5000000000000024 -4.0 1.0
color 0.4 0.4 0.4
sphere 0.0 -3.5 -4.0 2.0

plane 0 1 0 3
plane 0 0 1 8

color .6 .7 .8
sun 1 1 .5
color .4 .3 .2
sun -.5 1 0

color 1 0 0

color 0 1 0

color 0 0 1

color .4 .4 .4

color 1.0 0.0 0.0
sphere -2.0 2.3598306554514457 -4.0 1.0
color 0.0 1.0 0.0
sphere 0.6508587655213903 -0.13148913623670638 -4.0 0.5
color 0.0 0.0 1.0
sphere 0.9648691993523122 0.5955567291186274 -7.019588674414891 0.5
color 0.4 0.4 0.4
sphere 0.0 1.5000000000000024 -4.0 1.0
color 0.4 0.4 0.4
sphere 0.0 -3.5 -4.0 2.0
