png 200 200 hw5springelasticity-007.png

fps 8


color 1 1 1
sun 1 1 1






color 1.0 1.0 1.0
sphere -0.49999999999999994 2.0 -4.0 0.5
color 1.0 1.0 1.0
sphere 1.1 2.0 -4.0 0.5
color 1.0 1.0 1.0
sphere -0.42499999999999993 0.0 -4.0 0.5
color 1.0 1.0 1.0
sphere 1.025 0.0 -4.0 0.5
color 1.0 1.0 1.0
sphere -0.19999999999999998 -2.0 -4.0 0.5
color 1.0 1.0 1.0
sphere 0.8000000000000002 -2.0 -4.0 0.5

fps 8


color 1 1 1
sun 1 1 1






color 1.0 1.0 1.0
sphere -0.49999999999999994 2.0 -4.0 0.5
color 1.0 1.0 1.0
sphere 1.1 2.0 -4.0 0.5
color 1.0 1.0 1.0
sphere -0.42499999999999993 0.0 -4.0 0.5
color 1.0 1.0 1.0
sphere 1.025 0.0 -4.0 0.5
color 1.0 1.0 1.0
sphere -0.19999999999999998 -2.0 -4.0 0.5
color 1.0 1.0 1.0
sphere 0.8000000000000002 -2.0 -4.0 0.5
