png 200 200 hw5springanchor-019.png

plane 0 1 0 3
plane 0 0 1 8

color .6 .7 .8
sun 1 1 .5
color .4 .3 .2
sun -.5 1 0

color 1 0 0

color 0 1 0

color 0 0 1

color .4 .4 .4

color 1.0 0.0 0.0
sphere 0.0 2.6500000000000017 -4.0 1.0
color 0.0 1.0 0.0
sphere 2.1887070632621306 2.9113698389681812 -4.0 0.5
color 0.0 0.0 1.0
sphere 1.0221458262021001 -0.3541607268554154 -5.0061299097437 0.5
color 0.4 0.4 0.4
sphere 0.0 -1.5999999999999983 -4.0 1.0
color 0.4 0.4 0.4
sphere 0.0 -3.5 -4.0 2.0

plane 0 1 0 3
plane 0 0 1 8

color .6 .7 .8
sun 1 1 .5
color .4 .3 .2
sun -.5 1 0

color 1 0 0

color 0 1 0

color 0 0 1

color .4 .4 .4

color 1.0 0.0 0.0
sphere 0.0 2.6500000000000017 -4.0 1.0
color 0.0 1.0 0.0
sphere 2.1887070632621306 2.9113698389681812 -4.0 0.5
color 0.0 0.0 1.0
sphere 1.0221458262021001 -0.3541607268554154 -5.0061299097437 0.5
color 0.4 0.4 0.4
sphere 0.0 -1.5999999999999983 -4.0 1.0
color 0.4 0.4 0.4
sphere 0.0 -3.5 -4.0 2.0

plane 0 1 0 3
plane 0 0 1 8

color .6 .7 .8
sun 1 1 .5
color .4 .3 .2
sun -.5 1 0

color 1 0 0

color 0 1 0


plane 0 1 0 3
plane 0 0 1 8

color .6 .7 .8
sun 1 1 .5
color .4 .3 .2
sun -.5 1 0

color 1 0 0

color 0 1 0

color 0 0 1

color .4 .4 .4

color 1.0 0.0 0.0
sphere 0.0 2.6500000000000017 -4.0 1.0
color 0.0 1.0 0.0
sphere 2.1887070632621306 2.9113698389681812 -4.0 0.5
color 0.0 0.0 1.0
sphere 1.0221458262021001 -0.3541607268554154 -5.0061299097437 0.5
color 0.4 0.4 0.4
sphere 0.0 -1.5999999999999983 -4.0 1.0
color 0.4 0.4 0.4
sphere 0.0 -3.5 -4.0 2.0

plane 0 1 0 3
plane 0 0 1 8

color .6 .7 .8
sun 1 1 .5
color .4 .3 .2
sun -.5 1 0

color 1 0 0

color 0 1 0

color 0 0 1

color .4 .4 .4

color 1.0 0.0 0.0
sphere 0.0 2.6500000000000017 -4.0 1.0
color 0.0 1.0 0.0
sphere 2.1887070632621306 2.9113698389681812 -4.0 0.5
color 0.0 0.0 1.0
sphere 1.0221458262021001 -0.3541607268554154 -5.0061299097437 0.5
color 0.4 0.4 0.4
sphere 0.0 -1.5999999999999983 -4.0 1.0
color 0.4 0.4 0.4
sphere 0.0 -3.5 -4.0 2.0

plane 0 1 0 3
plane 0 0 1 8

color .6 .7 .8
sun 1 1 .5
color .4 .3 .2
sun -.5 1 0

color 1 0 0

color 0 1 0

color 0 0 1

color .4 .4 .4

color 1.0 0.0 0.0
sphere 0.0 2.6500000000000017 -4.0 1.0
color 0.0 1.0 0.0
sphere 2.1887070632621306 2.9113698389681812 -4.0 0.5
color 0.0 0.0 1.0
sphere 1.0221458262021001 -0.3541607268554154 -5.0061299097437 0.5
color 0.4 0.4 0.4
sphere 0.0 -1.5999999999999983 -4.0 1.0
color 0.4 0.4 0.4
sphere 0.0 -3.5 -4.0 2.0

plane 0 1 0 3
plane 0 0 1 8

color .6 .7 .8
sun 1 1 .5
color .4 .3 .2
sun -.5 1 0

color 1 0 0

color 0 1 0

color 0 0 1

color .4 .4 .4

color 1.0 0.0 0.0
sphere 0.0 2.6500000000000017 -4.0 1.0
color 0.0 1.0 0.0
sphere 2.1887070632621306 2.9113698389681812 -4.0 0.5
color 0.0 0.0 1.0
sphere 1.0221458262021001 -0.3541607268554154 -5.0061299097437 0.5
color 0.4 0.4 0.4
sphere 0.0 -1.5999999999999983 -4.0 1.0
color 0.4 0.4 0.4
sphere 0.0 -3.5 -4.0 2.0

plane 0 1 0 3
plane 0 0 1 8

color .6 .7 .8
sun 1 1 .5
color .4 .3 .2
sun -.5 1 0

color 1 0 0

color 0 1 0

color 0 0 1

color .4 .4 .4

color 1.0 0.0 0.0
sphere 0.0 2.6500000000000017 -4.0 1.0
color 0.0 1.0 0.0
sphere 2.1887070632621306 2.9113698389681812 -4.0 0.5
color 0.0 0.0 1.0
sphere 1.0221458262021001 -0.3541607268554154 -5.0061299097437 0.5
color 0.4 0.4 0.4
sphere 0.0 -1.5999999999999983 -4.0 1.0
color 0.4 0.4 0.4
sphere 0.0 -3.5 -4.0 2.0
