png 200 200 hw5springanchor-078.png

plane 0 1 0 3
plane 0 0 1 8

color .6 .7 .8
sun 1 1 .5
color .4 .3 .2
sun -.5 1 0

color 1 0 0

color 0 1 0

color 0 0 1

color .4 .4 .4

color 1.0 0.0 0.0
sphere -0.9117654287253709 -0.9056084002594225 -7.000000000000001 1.0
color 0.0 1.0 0.0
sphere -0.18519765674376742 0.5101070825783831 -4.0 0.5
color 0.0 0.0 1.0
sphere -1.9100923099265308 -1.380813456882928 -6.027881746159555 0.5
color 0.4 0.4 0.4
sphere 0.0 4.300000000000003 -4.0 1.0
color 0.4 0.4 0.4
sphere 0.0 -3.5 -4.0 2.0

plane 0 1 0 3
plane 0 0 1 8

color .6 .7 .8
sun 1 1 .5
color .4 .3 .2
sun -.5 1 0

color 1 0 0

color 0 1 0

color 0 0 1

color .4 .4 .4

color 1.0 0.0 0.0
sphere -0.9117654287253709 -0.9056084002594225 -7.000000000000001 1.0
color 0.0 1.0 0.0
sphere -0.18519765674376742 0.5101070825783831 -4.0 0.5
color 0.0 0.0 1.0
sphere -1.9100923099265308 -1.380813456882928 -6.027881746159555 0.5
color 0.4 0.4 0.4
sphere 0.0 4.300000000000003 -4.0 1.0
color 0.4 0.4 0.4
sphere 0.0 -3.5 -4.0 2.0

plane 0 1 0 3
plane 0 0 1 8

color .6 .7 .8
sun 1 1 .5
color .4 .3 .2
sun -.5 1 0

color 1 0 0

color 0 1 0

plane 0 1 0 3
plane 0 0 1 8

color .6 .7 .8
sun 1 1 .5
color .4 .3 .2
sun -.5 1 0

color 1 0 0

color 0 1 0

color 0 0 1

color .4 .4 .4

color 1.0 0.0 0.0
sphere -0.9117654287253709 -0.9056084002594225 -7.000000000000001 1.0
color 0.0 1.0 0.0
sphere -0.18519765674376742 0.5101070825783831 -4.0 0.5
color 0.0 0.0 1.0
sphere -1.9100923099265308 -1.380813456882928 -6.027881746159555 0.5
color 0.4 0.4 0.4
sphere 0.0 4.300000000000003 -4.0 1.0
color 0.4 0.4 0.4
sphere 0.0 -3.5 -4.0 2.0

plane 0 1 0 3
plane 0 0 1 8

color .6 .7 .8
sun 1 1 .5
color .4 .3 .2
sun -.5 1 0

color 1 0 0

color 0 1 0

color 0 0 1

color .4 .4 .4

color 1.0 0.0 0.0
sphere -0.9117654287253709 -0.9056084002594225 -7.000000000000001 1.0
color 0.0 1.0 0.0
sphere -0.18519765674376742 0.5101070825783831 -4.0 0.5
color 0.0 0.0 1.0
sphere -1.9100923099265308 -1.380813456882928 -6.027881746159555 0.5
color 0.4 0.4 0.4
sphere 0.0 4.300000000000003 -4.0 1.0
color 0.4 0.4 0.4
sphere 0.0 -3.5 -4.0 2.0

plane 0 1 0 3
plane 0 0 1 8

color .6 .7 .8
sun 1 1 .5
color .4 .3 .2
sun -.5 1 0

color 1 0 0

color 0 1 0

color 0 0 1

color .4 .4 .4

color 1.0 0.0 0.0
sphere -0.9117654287253709 -0.9056084002594225 -7.000000000000001 1.0
color 0.0 1.0 0.0
sphere -0.18519765674376742 0.5101070825783831 -4.0 0.5
color 0.0 0.0 1.0
sphere -1.9100923099265308 -1.380813456882928 -6.027881746159555 0.5
color 0.4 0.4 0.4
sphere 0.0 4.300000000000003 -4.0 1.0
color 0.4 0.4 0.4
sphere 0.0 -3.5 -4.0 2.0

plane 0 1 0 3
plane 0 0 1 8

color .6 .7 .8
sun 1 1 .5
color .4 .3 .2
sun -.5 1 0

color 1 0 0

color 0 1 0

color 0 0 1

color .4 .4 .4

color 1.0 0.0 0.0
sphere -0.9117654287253709 -0.9056084002594225 -7.000000000000001 1.0
color 0.0 1.0 0.0
sphere -0.18519765674376742 0.5101070825783831 -4.0 0.5
color 0.0 0.0 1.0
sphere -1.9100923099265308 -1.380813456882928 -6.027881746159555 0.5
color 0.4 0.4 0.4
sphere 0.0 4.300000000000003 -4.0 1.0
color 0.4 0.4 0.4
sphere 0.0 -3.5 -4.0 2.0

plane 0 1 0 3
plane 0 0 1 8

color .6 .7 .8
sun 1 1 .5
color .4 .3 .2
sun -.5 1 0

color 1 0 0

color 0 1 0

color 0 0 1

color .4 .4 .4

color 1.0 0.0 0.0
sphere -0.9117654287253709 -0.9056084002594225 -7.000000000000001 1.0
color 0.0 1.0 0.0
sphere -0.18519765674376742 0.5101070825783831 -4.0 0.5
color 0.0 0.0 1.0
sphere -1.9100923099265308 -1.380813456882928 -6.027881746159555 0.5
color 0.4 0.4 0.4
sphere 0.0 4.300000000000003 -4.0 1.0
color 0.4 0.4 0.4
sphere 0.0 -3.5 -4.0 2.0
