png 200 200 hw5springanchor-080.png

plane 0 1 0 3
plane 0 0 1 8

color .6 .7 .8
sun 1 1 .5
color .4 .3 .2
sun -.5 1 0

color 1 0 0

color 0 1 0

color 0 0 1

color .4 .4 .4

color 1.0 0.0 0.0
sphere 1.2647037138238872 -0.554964966756832 -5.659475605534671 1.0
color 0.0 1.0 0.0
sphere 0.2777628119074791 -0.6381894991520646 -4.0 0.5
color 0.0 0.0 1.0
sphere -2.5 -2.085479042445814 -6.187945139451789 0.5
color 0.4 0.4 0.4
sphere 0.0 4.500000000000003 -4.0 1.0
color 0.4 0.4 0.4
sphere 0.0 -3.5 -4.0 2.0

plane 0 1 0 3
plane 0 0 1 8

color .6 .7 .8
sun 1 1 .5
color .4 .3 .2
sun -.5 1 0

color 1 0 0

color 0 1 0

color 0 0 1

color .4 .4 .4

color 1.0 0.0 0.0
sphere 1.2647037138238872 -0.554964966756832 -5.659475605534671 1.0
color 0.0 1.0 0.0
sphere 0.2777628119074791 -0.6381894991520646 -4.0 0.5
color 0.0 0.0 1.0
sphere -2.5 -2.085479042445814 -6.187945139451789 0.5
color 0.4 0.4 0.4
sphere 0.0 4.500000000000003 -4.0 1.0
color 0.4 0.4 0.4
sphere 0.0 -3.5 -4.0 2.0

plane 0 1 0 3
plane 0 0 1 8

color .6 .7 .8
sun 1 1 .5
color .4 .3 .2
sun -.5 1 0

color 1 0 0

color 0 1 0

plane 0 1 0 3
plane 0 0 1 8

color .6 .7 .8
sun 1 1 .5
color .4 .3 .2
sun -.5 1 0

color 1 0 0

color 0 1 0

color 0 0 1

color .4 .4 .4

color 1.0 0.0 0.0
sphere 1.2647037138238872 -0.554964966756832 -5.659475605534671 1.0
color 0.0 1.0 0.0
sphere 0.2777628119074791 -0.6381894991520646 -4.0 0.5
color 0.0 0.0 1.0
sphere -2.5 -2.085479042445814 -6.187945139451789 0.5
color 0.4 0.4 0.4
sphere 0.0 4.500000000000003 -4.0 1.0
color 0.4 0.4 0.4
sphere 0.0 -3.5 -4.0 2.0

plane 0 1 0 3
plane 0 0 1 8

color .6 .7 .8
sun 1 1 .5
color .4 .3 .2
sun -.5 1 0

color 1 0 0

color 0 1 0

color 0 0 1

color .4 .4 .4

color 1.0 0.0 0.0
sphere 1.2647037138238872 -0.554964966756832 -5.659475605534671 1.0
color 0.0 1.0 0.0
sphere 0.2777628119074791 -0.6381894991520646 -4.0 0.5
color 0.0 0.0 1.0
sphere -2.5 -2.085479042445814 -6.187945139451789 0.5
color 0.4 0.4 0.4
sphere 0.0 4.500000000000003 -4.0 1.0
color 0.4 0.4 0.4
sphere 0.0 -3.5 -4.0 2.0

plane 0 1 0 3
plane 0 0 1 8

color .6 .7 .8
sun 1 1 .5
color .4 .3 .2
sun -.5 1 0

color 1 0 0

color 0 1 0

color 0 0 1

color .4 .4 .4

color 1.0 0.0 0.0
sphere 1.2647037138238872 -0.554964966756832 -5.659475605534671 1.0
color 0.0 1.0 0.0
sphere 0.2777628119074791 -0.6381894991520646 -4.0 0.5
color 0.0 0.0 1.0
sphere -2.5 -2.085479042445814 -6.187945139451789 0.5
color 0.4 0.4 0.4
sphere 0.0 4.500000000000003 -4.0 1.0
color 0.4 0.4 0.4
sphere 0.0 -3.5 -4.0 2.0

plane 0 1 0 3
plane 0 0 1 8

color .6 .7 .8
sun 1 1 .5
color .4 .3 .2
sun -.5 1 0

color 1 0 0

color 0 1 0

color 0 0 1

color .4 .4 .4

color 1.0 0.0 0.0
sphere 1.2647037138238872 -0.554964966756832 -5.659475605534671 1.0
color 0.0 1.0 0.0
sphere 0.2777628119074791 -0.6381894991520646 -4.0 0.5
color 0.0 0.0 1.0
sphere -2.5 -2.085479042445814 -6.187945139451789 0.5
color 0.4 0.4 0.4
sphere 0.0 4.500000000000003 -4.0 1.0
color 0.4 0.4 0.4
sphere 0.0 -3.5 -4.0 2.0

plane 0 1 0 3
plane 0 0 1 8

color .6 .7 .8
sun 1 1 .5
color .4 .3 .2
sun -.5 1 0

color 1 0 0

color 0 1 0

color 0 0 1

color .4 .4 .4

color 1.0 0.0 0.0
sphere 1.2647037138238872 -0.554964966756832 -5.659475605534671 1.0
color 0.0 1.0 0.0
sphere 0.2777628119074791 -0.6381894991520646 -4.0 0.5
color 0.0 0.0 1.0
sphere -2.5 -2.085479042445814 -6.187945139451789 0.5
color 0.4 0.4 0.4
sphere 0.0 4.500000000000003 -4.0 1.0
color 0.4 0.4 0.4
sphere 0.0 -3.5 -4.0 2.0
