png 200 200 hw5springball-044.png

fps 8


plane 0 1 0 3

color 1 1 1
sun 1 1 1

color 1 0 0

color 0 0.6 0

color 0 0.3 1
color 1.0 0.0 0.0
sphere -2.1715027426213145 -0.05988756811051191 -4.0 0.5
color 0.0 0.6 0.0
sphere 0.11468295989498364 -2.5 -4.0 0.5
color 0.0 0.3 1.0
sphere 1.3030429678871034 0.5387033627750392 -4.0 0.5

fps 8


plane 0 1 0 3

color 1 1 1
sun 1 1 1

color 1 0 0

color 0 0.6 0

color 0 0.3 1
color 1.0 0.0 0.0
sphere -2.1715027426213145 -0.05988756811051191 -4.0 0.5
color 0.0 0.6 0.0
sphere 0.11468295989498364 -2.5 -4.0 0.5
color 0.0 0.3 1.0
sphere 1.3030429678871034 0.5387033627750392 -4.0 0.5

fps 8


plane 0 1 0 3

color 1 1 1
sun 1 1 1

color 1 0 0

color 0 0.6 0

color 0 0.3 1
color 1.0 0.0 0.0
sphere -2.1715027426213145 -0.05988756811051191 -4.0 0.5
color 0.0 0.6 0.0
sphere 0.11468295989498364 -2.5 -4.0 0.5
color 0.0 0.3 1.0
sphere 1.3030429678871034 0.5387033627750392 -4.0 0.5

fps 8


plane 0 1 0 3

color 1 1 1
sun 1 1 1

color 1 0 0

color 0 0.6 0

color 0 0.3 1
color 1.0 0.0 0.0
sphere -2.1715027426213145 -0.05988756811051191 -4.0 0.5
color 0.0 0.6 0.0
sphere 0.11468295989498364 -2.5 -4.0 0.5
color 0.0 0.3 1.0
sphere 1.3030429678871034 0.5387033627750392 -4.0 0.5

fps 8


plane 0 1 0 3

color 1 1 1
sun 1 1 1

color 1 0 0

color 0 0.6 0

color 0 0.3 1
color 1.0 0.0 0.0
sphere -2.1715027426213145 -0.05988756811051191 -4.0 0.5
color 0.0 0.6 0.0
sphere 0.11468295989498364 -2.5 -4.0 0.5
color 0.0 0.3 1.0
sphere 1.3030429678871034 0.5387033627750392 -4.0 0.5

fps 8


plane 0 1 0 3

color 1 1 1
sun 1 1 1

color 1 0 0

color 0 0.6 0

color 0 0.3 1
color 1.0 0.0 0.0
sphere -2.1715027426213145 -0.05988756811051191 -4.0 0.5
color 0.0 0.6 0.0
sphere 0.11468295989498364 -2.5 -4.0 0.5
color 0.0 0.3 1.0
sphere 1.3030429678871034 0.5387033627750392 -4.0 0.5
