png 200 200 hw5springanchor-061.png

plane 0 1 0 3
plane 0 0 1 8

color .6 .7 .8
sun 1 1 .5
color .4 .3 .2
sun -.5 1 0

color 1 0 0

color 0 1 0

color 0 0 1

color .4 .4 .4

color 1.0 0.0 0.0
sphere -0.9643939396486222 0.8478743397892379 -4.0 1.0
color 0.0 1.0 0.0
sphere -2.5 -1.3523178621204723 -4.0 0.5
color 0.0 0.0 1.0
sphere -0.4531589324697496 -0.5108337734194858 -5.25808048060282 0.5
color 0.4 0.4 0.4
sphere 0.0 2.600000000000003 -4.0 1.0
color 0.4 0.4 0.4
sphere 0.0 -3.5 -4.0 2.0

plane 0 1 0 3
plane 0 0 1 8

color .6 .7 .8
sun 1 1 .5
color .4 .3 .2
sun -.5 1 0

color 1 0 0

color 0 1 0

color 0 0 1

color .4 .4 .4

color 1.0 0.0 0.0
sphere -0.9643939396486222 0.8478743397892379 -4.0 1.0
color 0.0 1.0 0.0
sphere -2.5 -1.3523178621204723 -4.0 0.5
color 0.0 0.0 1.0
sphere -0.4531589324697496 -0.5108337734194858 -5.25808048060282 0.5
color 0.4 0.4 0.4
sphere 0.0 2.600000000000003 -4.0 1.0
color 0.4 0.4 0.4
sphere 0.0 -3.5 -4.0 2.0

plane 0 1 0 3
plane 0 0 1 8

color .6 .7 .8
sun 1 1 .5
color .4 .3 .2
sun -.5 1 0

color 1 0 0

color 0 1 0


plane 0 1 0 3
plane 0 0 1 8

color .6 .7 .8
sun 1 1 .5
color .4 .3 .2
sun -.5 1 0

color 1 0 0

color 0 1 0

color 0 0 1

color .4 .4 .4

color 1.0 0.0 0.0
sphere -0.9643939396486222 0.8478743397892379 -4.0 1.0
color 0.0 1.0 0.0
sphere -2.5 -1.3523178621204723 -4.0 0.5
color 0.0 0.0 1.0
sphere -0.4531589324697496 -0.5108337734194858 -5.25808048060282 0.5
color 0.4 0.4 0.4
sphere 0.0 2.600000000000003 -4.0 1.0
color 0.4 0.4 0.4
sphere 0.0 -3.5 -4.0 2.0

plane 0 1 0 3
plane 0 0 1 8

color .6 .7 .8
sun 1 1 .5
color .4 .3 .2
sun -.5 1 0

color 1 0 0

color 0 1 0

color 0 0 1

color .4 .4 .4

color 1.0 0.0 0.0
sphere -0.9643939396486222 0.8478743397892379 -4.0 1.0
color 0.0 1.0 0.0
sphere -2.5 -1.3523178621204723 -4.0 0.5
color 0.0 0.0 1.0
sphere -0.4531589324697496 -0.5108337734194858 -5.25808048060282 0.5
color 0.4 0.4 0.4
sphere 0.0 2.600000000000003 -4.0 1.0
color 0.4 0.4 0.4
sphere 0.0 -3.5 -4.0 2.0

plane 0 1 0 3
plane 0 0 1 8

color .6 .7 .8
sun 1 1 .5
color .4 .3 .2
sun -.5 1 0

color 1 0 0

color 0 1 0

color 0 0 1

color .4 .4 .4

color 1.0 0.0 0.0
sphere -0.9643939396486222 0.8478743397892379 -4.0 1.0
color 0.0 1.0 0.0
sphere -2.5 -1.3523178621204723 -4.0 0.5
color 0.0 0.0 1.0
sphere -0.4531589324697496 -0.5108337734194858 -5.25808048060282 0.5
color 0.4 0.4 0.4
sphere 0.0 2.600000000000003 -4.0 1.0
color 0.4 0.4 0.4
sphere 0.0 -3.5 -4.0 2.0

plane 0 1 0 3
plane 0 0 1 8

color .6 .7 .8
sun 1 1 .5
color .4 .3 .2
sun -.5 1 0

color 1 0 0

color 0 1 0

color 0 0 1

color .4 .4 .4

color 1.0 0.0 0.0
sphere -0.9643939396486222 0.8478743397892379 -4.0 1.0
color 0.0 1.0 0.0
sphere -2.5 -1.3523178621204723 -4.0 0.5
color 0.0 0.0 1.0
sphere -0.4531589324697496 -0.5108337734194858 -5.25808048060282 0.5
color 0.4 0.4 0.4
sphere 0.0 2.600000000000003 -4.0 1.0
color 0.4 0.4 0.4
sphere 0.0 -3.5 -4.0 2.0

plane 0 1 0 3
plane 0 0 1 8

color .6 .7 .8
sun 1 1 .5
color .4 .3 .2
sun -.5 1 0

color 1 0 0

color 0 1 0

color 0 0 1

color .4 .4 .4

color 1.0 0.0 0.0
sphere -0.9643939396486222 0.8478743397892379 -4.0 1.0
color 0.0 1.0 0.0
sphere -2.5 -1.3523178621204723 -4.0 0.5
color 0.0 0.0 1.0
sphere -0.4531589324697496 -0.5108337734194858 -5.25808048060282 0.5
color 0.4 0.4 0.4
sphere 0.0 2.600000000000003 -4.0 1.0
color 0.4 0.4 0.4
sphere 0.0 -3.5 -4.0 2.0
