png 200 200 hw5springball-016.png

fps 8


plane 0 1 0 3

color 1 1 1
sun 1 1 1

color 1 0 0

color 0 0.6 0

color 0 0.3 1
color 1.0 0.0 0.0
sphere -1.0562143751275817 -1.4607310265191609 -4.0 0.5
color 0.0 0.6 0.0
sphere 0.03497419834478113 -2.038401092051658 -4.0 0.5
color 0.0 0.3 1.0
sphere 0.12153454422619447 -0.9468717793508646 -4.0 0.5

fps 8


plane 0 1 0 3

color 1 1 1
sun 1 1 1

color 1 0 0

color 0 0.6 0

color 0 0.3 1
color 1.0 0.0 0.0
sphere -1.0562143751275817 -1.4607310265191609 -4.0 0.5
color 0.0 0.6 0.0
sphere 0.03497419834478113 -2.038401092051658 -4.0 0.5
color 0.0 0.3 1.0
sphere 0.12153454422619447 -0.9468717793508646 -4.0 0.5

fps 8


plane 0 1 0 3

color 1 1 1
sun 1 1 1

color 1 0 0

color 0 0.6 0

color 0 0.3 1
color 1.0 0.0 0.0
sphere -1.0562143751275817 -1.4607310265191609 -4.0 0.5
color 0.0 0.6 0.0
sphere 0.03497419834478113 -2.038401092051658 -4.0 0.5
color 0.0 0.3 1.0
sphere 0.12153454422619447 -0.9468717793508646 -4.0 0.5

fps 8


plane 0 1 0 3

color 1 1 1
sun 1 1 1

color 1 0 0

color 0 0.6 0

color 0 0.3 1
color 1.0 0.0 0.0
sphere -1.0562143751275817 -1.4607310265191609 -4.0 0.5
color 0.0 0.6 0.0
sphere 0.03497419834478113 -2.038401092051658 -4.0 0.5
color 0.0 0.3 1.0
sphere 0.12153454422619447 -0.9468717793508646 -4.0 0.5

fps 8


plane 0 1 0 3

color 1 1 1
sun 1 1 1

color 1 0 0

color 0 0.6 0

color 0 0.3 1
color 1.0 0.0 0.0
sphere -1.0562143751275817 -1.4607310265191609 -4.0 0.5
color 0.0 0.6 0.0
sphere 0.03497419834478113 -2.038401092051658 -4.0 0.5
color 0.0 0.3 1.0
sphere 0.12153454422619447 -0.9468717793508646 -4.0 0.5

fps 8


plane 0 1 0 3

color 1 1 1
sun 1 1 1

color 1 0 0

color 0 0.6 0

color 0 0.3 1
color 1.0 0.0 0.0
sphere -1.0562143751275817 -1.4607310265191609 -4.0 0.5
color 0.0 0.6 0.0
sphere 0.03497419834478113 -2.038401092051658 -4.0 0.5
color 0.0 0.3 1.0
sphere 0.12153454422619447 -0.9468717793508646 -4.0 0.5
