png 200 200 hw5springball-039.png

fps 8


plane 0 1 0 3

color 1 1 1
sun 1 1 1

color 1 0 0

color 0 0.6 0

color 0 0.3 1
color 1.0 0.0 0.0
sphere -1.3238209477270186 0.5784497411154327 -4.0 0.5
color 0.0 0.6 0.0
sphere -0.015286403825167293 1.3523310778718904 -4.0 0.5
color 0.0 0.3 1.0
sphere 2.2878281284515865 -0.6317990392071319 -4.0 0.5

fps 8


plane 0 1 0 3

color 1 1 1
sun 1 1 1

color 1 0 0

color 0 0.6 0

color 0 0.3 1
color 1.0 0.0 0.0
sphere -1.3238209477270186 0.5784497411154327 -4.0 0.5
color 0.0 0.6 0.0
sphere -0.015286403825167293 1.3523310778718904 -4.0 0.5
color 0.0 0.3 1.0
sphere 2.2878281284515865 -0.6317990392071319 -4.0 0.5

fps 8


plane 0 1 0 3

color 1 1 1
sun 1 1 1

color 1 0 0

color 0 0.6 0

color 0 0.3 1
color 1.0 0.0 0.0
sphere -1.3238209477270186 0.5784497411154327 -4.0 0.5
color 0.0 0.6 0.0
sphere -0.015286403825167293 1.3523310778718904 -4.0 0.5
color 0.0 0.3 1.0
sphere 2.2878281284515865 -0.6317990392071319 -4.0 0.5

fps 8


plane 0 1 0 3

color 1 1 1
sun 1 1 1

color 1 0 0

color 0 0.6 0

color 0 0.3 1
color 1.0 0.0 0.0
sphere -1.3238209477270186 0.5784497411154327 -4.0 0.5
color 0.0 0.6 0.0
sphere -0.015286403825167293 1.3523310778718904 -4.0 0.5
color 0.0 0.3 1.0
sphere 2.2878281284515865 -0.6317990392071319 -4.0 0.5

fps 8


plane 0 1 0 3

color 1 1 1
sun 1 1 1

color 1 0 0

color 0 0.6 0

color 0 0.3 1
color 1.0 0.0 0.0
sphere -1.3238209477270186 0.5784497411154327 -4.0 0.5
color 0.0 0.6 0.0
sphere -0.015286403825167293 1.3523310778718904 -4.0 0.5
color 0.0 0.3 1.0
sphere 2.2878281284515865 -0.6317990392071319 -4.0 0.5

fps 8


plane 0 1 0 3

color 1 1 1
sun 1 1 1

color 1 0 0

color 0 0.6 0

color 0 0.3 1
color 1.0 0.0 0.0
sphere -1.3238209477270186 0.5784497411154327 -4.0 0.5
color 0.0 0.6 0.0
sphere -0.015286403825167293 1.3523310778718904 -4.0 0.5
color 0.0 0.3 1.0
sphere 2.2878281284515865 -0.6317990392071319 -4.0 0.5
