png 200 200 hw5springradius-038.png

fps 8


plane 0 1 0 3

color 1 1 1
sun 1 1 1

color 1 0 0

color 0 0.6 0

color 0 0.3 1
color 1.0 0.0 0.0
sphere 0.8264441385784098 1.7182491059176968 -4.0 0.5
color 0.0 0.6 0.0
sphere 0.0019335956893161699 -1.1215470313621443 -4.0 1.5
color 0.0 0.3 1.0
sphere 1.3002407746956344 0.05186613923918118 -4.0 0.25

fps 8


plane 0 1 0 3

color 1 1 1
sun 1 1 1

color 1 0 0

color 0 0.6 0

color 0 0.3 1
color 1.0 0.0 0.0
sphere 0.8264441385784098 1.7182491059176968 -4.0 0.5
color 0.0 0.6 0.0
sphere 0.0019335956893161699 -1.1215470313621443 -4.0 1.5
color 0.0 0.3 1.0
sphere 1.3002407746956344 0.05186613923918118 -4.0 0.25

fps 8


plane 0 1 0 3

color 1 1 1
sun 1 1 1

color 1 0 0

color 0 0.6 0

color 0 0.3 1
color 1.0 0.0 0.0
sphere -0.5691113860318209 2.1436803867359764 -4.0 0.5
color 0.0 0.6 0.0
sphere 0.2804849786273966 -0.9512748818595009 -4.0 1.5
color 0.0 0.3 1.0
sphere -1.064386936318916 -2.0710157145474217 -4.0 0.25
