png 200 200 hw5springelastic-020.png

fps 8


plane 0 1 0 2

color 1 1 1
sun 1 2 1


color 1.0 1.0 1.0
sphere -2.5 -1.5100000000000002 -4.0 0.49
color 1.0 1.0 1.0
sphere -1.5 -1.51 -4.0 0.49
color 1.0 1.0 1.0
sphere -0.5 -1.51 -4.0 0.49
color 1.0 1.0 1.0
sphere 0.5 -1.5100000000000002 -4.0 0.49
color 1.0 1.0 1.0
sphere 0.9911430090223465 -0.4083454191349155 -4.0 0.49
color 1.0 1.0 1.0
sphere 1.8110157475865134 -1.4365591795027777 -4.0 0.49
color 1.0 1.0 1.0
sphere 1.7178412433911385 0.5240471479051337 -4.0 0.49
