png 200 200 hw5springball-021.png

fps 8


plane 0 1 0 3

color 1 1 1
sun 1 1 1

color 1 0 0

color 0 0.6 0

color 0 0.3 1
color 1.0 0.0 0.0
sphere -2.4851063416393844 0.7356138408850358 -4.0 0.5
color 0.0 0.6 0.0
sphere -0.9028337923925344 0.4792264263060233 -4.0 0.5
color 0.0 0.3 1.0
sphere -2.0117654985246904 -0.4569327597980717 -4.0 0.5

fps 8


plane 0 1 0 3

color 1 1 1
sun 1 1 1

color 1 0 0

color 0 0.6 0

color 0 0.3 1
color 1.0 0.0 0.0
sphere -2.4851063416393844 0.7356138408850358 -4.0 0.5
color 0.0 0.6 0.0
sphere -0.9028337923925344 0.4792264263060233 -4.0 0.5
color 0.0 0.3 1.0
sphere -2.0117654985246904 -0.4569327597980717 -4.0 0.5

fps 8


plane 0 1 0 3

color 1 1 1
sun 1 1 1

color 1 0 0

color 0 0.6 0

color 0 0.3 1
color 1.0 0.0 0.0
sphere -2.4851063416393844 0.7356138408850358 -4.0 0.5
color 0.0 0.6 0.0
sphere -0.9028337923925344 0.4792264263060233 -4.0 0.5
color 0.0 0.3 1.0
sphere -2.0117654985246904 -0.4569327597980717 -4.0 0.5

fps 8


plane 0 1 0 3

color 1 1 1
sun 1 1 1

color 1 0 0

color 0 0.6 0

color 0 0.3 1
color 1.0 0.0 0.0
sphere -2.4851063416393844 0.7356138408850358 -4.0 0.5
color 0.0 0.6 0.0
sphere -0.9028337923925344 0.4792264263060233 -4.0 0.5
color 0.0 0.3 1.0
sphere -2.0117654985246904 -0.4569327597980717 -4.0 0.5

fps 8


plane 0 1 0 3

color 1 1 1
sun 1 1 1

color 1 0 0

color 0 0.6 0

color 0 0.3 1
color 1.0 0.0 0.0
sphere -2.4851063416393844 0.7356138408850358 -4.0 0.5
color 0.0 0.6 0.0
sphere -0.9028337923925344 0.4792264263060233 -4.0 0.5
color 0.0 0.3 1.0
sphere -2.0117654985246904 -0.4569327597980717 -4.0 0.5

fps 8


plane 0 1 0 3

color 1 1 1
sun 1 1 1

color 1 0 0

color 0 0.6 0

color 0 0.3 1
color 1.0 0.0 0.0
sphere -2.4851063416393844 0.7356138408850358 -4.0 0.5
color 0.0 0.6 0.0
sphere -0.9028337923925344 0.4792264263060233 -4.0 0.5
color 0.0 0.3 1.0
sphere -2.0117654985246904 -0.4569327597980717 -4.0 0.5
