png 200 200 hw5springelastic-038.png

fps 8


plane 0 1 0 2

color 1 1 1
sun 1 2 1


color 1.0 1.0 1.0
sphere -1.568877673351567 -0.9698507374711961 -4.0 0.49
color 1.0 1.0 1.0
sphere -2.367509767755502 -1.51 -4.0 0.49
color 1.0 1.0 1.0
sphere -0.8963711302660917 -1.51 -4.0 0.49
color 1.0 1.0 1.0
sphere -0.011375497607848527 -1.51 -4.0 0.49
color 1.0 1.0 1.0
sphere 0.5305798519402857 -0.7945321209720105 -4.0 0.49
color 1.0 1.0 1.0
sphere 1.9744344308403274 -1.4922185047060401 -4.0 0.49
color 1.0 1.0 1.0
sphere 1.0070193683697393 -1.51 -4.0 0.49
