png 200 200 hw5springradius-004.png

fps 8


plane 0 1 0 3

color 1 1 1
sun 1 1 1

color 1 0 0

color 0 0.6 0

color 0 0.3 1
color 1.0 0.0 0.0
sphere -0.6484438664542665 -0.5096394771212784 -4.0 0.5
color 0.0 0.6 0.0
sphere 1.2929235063440585 -0.9903605228787218 -4.0 1.5
color 0.0 0.3 1.0
sphere 2.0 1.1999999999999997 -4.0 0.25

fps 8


plane 0 1 0 3

color 1 1 1
sun 1 1 1

color 1 0 0

color 0 0.6 0

color 0 0.3 1
color 1.0 0.0 0.0
sphere -0.6484438664542665 -0.5096394771212784 -4.0 0.5
color 0.0 0.6 0.0
sphere 1.2929235063440585 -0.9903605228787218 -4.0 1.5
color 0.0 0.3 1.0
sphere 2.0 1.1999999999999997 -4.0 0.25

fps 8


plane 0 1 0 3

color 1 1 1
sun 1 1 1

color 1 0 0

color 0 0.6 0

color 0 0.3 1
color 1.0 0.0 0.0
sphere -0.6484438664542665 -0.5096394771212784 -4.0 0.5
color 0.0 0.6 0.0
sphere 1.2929235063440585 -0.9903605228787218 -4.0 1.5
color 0.0 0.3 1.0
sphere 2.0 1.1999999999999997 -4.0 0.25
