png 200 200 hw5springball-030.png

fps 8


plane 0 1 0 3

color 1 1 1
sun 1 1 1

color 1 0 0

color 0 0.6 0

color 0 0.3 1
color 1.0 0.0 0.0
sphere -1.9810557727397329 -1.2761235045805808 -4.0 0.5
color 0.0 0.6 0.0
sphere 1.8943888249172458 -2.5 -4.0 0.5
color 0.0 0.3 1.0
sphere -0.4053251938024309 0.16359807841426363 -4.0 0.5

fps 8


plane 0 1 0 3

color 1 1 1
sun 1 1 1

color 1 0 0

color 0 0.6 0

color 0 0.3 1
color 1.0 0.0 0.0
sphere -1.9810557727397329 -1.2761235045805808 -4.0 0.5
color 0.0 0.6 0.0
sphere 1.8943888249172458 -2.5 -4.0 0.5
color 0.0 0.3 1.0
sphere -0.4053251938024309 0.16359807841426363 -4.0 0.5

fps 8


plane 0 1 0 3

color 1 1 1
sun 1 1 1

color 1 0 0

color 0 0.6 0

color 0 0.3 1
color 1.0 0.0 0.0
sphere -1.9810557727397329 -1.2761235045805808 -4.0 0.5
color 0.0 0.6 0.0
sphere 1.8943888249172458 -2.5 -4.0 0.5
color 0.0 0.3 1.0
sphere -0.4053251938024309 0.16359807841426363 -4.0 0.5

fps 8


plane 0 1 0 3

color 1 1 1
sun 1 1 1

color 1 0 0

color 0 0.6 0

color 0 0.3 1
color 1.0 0.0 0.0
sphere -1.9810557727397329 -1.2761235045805808 -4.0 0.5
color 0.0 0.6 0.0
sphere 1.8943888249172458 -2.5 -4.0 0.5
color 0.0 0.3 1.0
sphere -0.4053251938024309 0.16359807841426363 -4.0 0.5

fps 8


plane 0 1 0 3

color 1 1 1
sun 1 1 1

color 1 0 0

color 0 0.6 0

color 0 0.3 1
color 1.0 0.0 0.0
sphere -1.9810557727397329 -1.2761235045805808 -4.0 0.5
color 0.0 0.6 0.0
sphere 1.8943888249172458 -2.5 -4.0 0.5
color 0.0 0.3 1.0
sphere -0.4053251938024309 0.16359807841426363 -4.0 0.5

fps 8


plane 0 1 0 3

color 1 1 1
sun 1 1 1

color 1 0 0

color 0 0.6 0

color 0 0.3 1
color 1.0 0.0 0.0
sphere -1.9810557727397329 -1.2761235045805808 -4.0 0.5
color 0.0 0.6 0.0
sphere 1.8943888249172458 -2.5 -4.0 0.5
color 0.0 0.3 1.0
sphere -0.4053251938024309 0.16359807841426363 -4.0 0.5
