png 200 200 hw5springanchor-082.png

plane 0 1 0 3
plane 0 0 1 8

color .6 .7 .8
sun 1 1 .5
color .4 .3 .2
sun -.5 1 0

color 1 0 0

color 0 1 0

color 0 0 1

color .4 .4 .4

color 1.0 0.0 0.0
sphere 0.6091748980505183 -0.6663687854788926 -4.774235160449831 1.0
color 0.0 1.0 0.0
sphere 1.446091844847564 -0.42982901532104645 -3.555520844600782 0.5
color 0.0 0.0 1.0
sphere -1.518606060703756 -1.997667207218557 -6.348008532744022 0.5
color 0.4 0.4 0.4
sphere 0.0 4.700000000000002 -4.0 1.0
color 0.4 0.4 0.4
sphere 0.0 -3.5 -4.0 2.0

plane 0 1 0 3
plane 0 0 1 8

color .6 .7 .8
sun 1 1 .5
color .4 .3 .2
sun -.5 1 0

color 1 0 0

color 0 1 0

color 0 0 1

color .4 .4 .4

color 1.0 0.0 0.0
sphere 0.6091748980505183 -0.6663687854788926 -4.774235160449831 1.0
color 0.0 1.0 0.0
sphere 1.446091844847564 -0.42982901532104645 -3.555520844600782 0.5
color 0.0 0.0 1.0
sphere -1.518606060703756 -1.997667207218557 -6.348008532744022 0.5
color 0.4 0.4 0.4
sphere 0.0 4.700000000000002 -4.0 1.0
color 0.4 0.4 0.4
sphere 0.0 -3.5 -4.0 2.0

plane 0 1 0 3
plane 0 0 1 8

color .6 .7 .8
sun 1 1 .5
color .4 .3 .2
sun -.5 1 0

color 1 0 0

color 0 1 0

plane 0 1 0 3
plane 0 0 1 8

color .6 .7 .8
sun 1 1 .5
color .4 .3 .2
sun -.5 1 0

color 1 0 0

color 0 1 0

color 0 0 1

color .4 .4 .4

color 1.0 0.0 0.0
sphere 0.6091748980505183 -0.6663687854788926 -4.774235160449831 1.0
color 0.0 1.0 0.0
sphere 1.446091844847564 -0.42982901532104645 -3.555520844600782 0.5
color 0.0 0.0 1.0
sphere -1.518606060703756 -1.997667207218557 -6.348008532744022 0.5
color 0.4 0.4 0.4
sphere 0.0 4.700000000000002 -4.0 1.0
color 0.4 0.4 0.4
sphere 0.0 -3.5 -4.0 2.0

plane 0 1 0 3
plane 0 0 1 8

color .6 .7 .8
sun 1 1 .5
color .4 .3 .2
sun -.5 1 0

color 1 0 0

color 0 1 0

color 0 0 1

color .4 .4 .4

color 1.0 0.0 0.0
sphere 0.6091748980505183 -0.6663687854788926 -4.774235160449831 1.0
color 0.0 1.0 0.0
sphere 1.446091844847564 -0.42982901532104645 -3.555520844600782 0.5
color 0.0 0.0 1.0
sphere -1.518606060703756 -1.997667207218557 -6.348008532744022 0.5
color 0.4 0.4 0.4
sphere 0.0 4.700000000000002 -4.0 1.0
color 0.4 0.4 0.4
sphere 0.0 -3.5 -4.0 2.0

plane 0 1 0 3
plane 0 0 1 8

color .6 .7 .8
sun 1 1 .5
color .4 .3 .2
sun -.5 1 0

color 1 0 0

color 0 1 0

color 0 0 1

color .4 .4 .4

color 1.0 0.0 0.0
sphere 0.6091748980505183 -0.6663687854788926 -4.774235160449831 1.0
color 0.0 1.0 0.0
sphere 1.446091844847564 -0.42982901532104645 -3.555520844600782 0.5
color 0.0 0.0 1.0
sphere -1.518606060703756 -1.997667207218557 -6.348008532744022 0.5
color 0.4 0.4 0.4
sphere 0.0 4.700000000000002 -4.0 1.0
color 0.4 0.4 0.4
sphere 0.0 -3.5 -4.0 2.0

plane 0 1 0 3
plane 0 0 1 8

color .6 .7 .8
sun 1 1 .5
color .4 .3 .2
sun -.5 1 0

color 1 0 0

color 0 1 0

color 0 0 1

color .4 .4 .4

color 1.0 0.0 0.0
sphere 0.6091748980505183 -0.6663687854788926 -4.774235160449831 1.0
color 0.0 1.0 0.0
sphere 1.446091844847564 -0.42982901532104645 -3.555520844600782 0.5
color 0.0 0.0 1.0
sphere -1.518606060703756 -1.997667207218557 -6.348008532744022 0.5
color 0.4 0.4 0.4
sphere 0.0 4.700000000000002 -4.0 1.0
color 0.4 0.4 0.4
sphere 0.0 -3.5 -4.0 2.0

plane 0 1 0 3
plane 0 0 1 8

color .6 .7 .8
sun 1 1 .5
color .4 .3 .2
sun -.5 1 0

color 1 0 0

color 0 1 0

color 0 0 1

color .4 .4 .4

color 1.0 0.0 0.0
sphere 0.6091748980505183 -0.6663687854788926 -4.774235160449831 1.0
color 0.0 1.0 0.0
sphere 1.446091844847564 -0.42982901532104645 -3.555520844600782 0.5
color 0.0 0.0 1.0
sphere -1.518606060703756 -1.997667207218557 -6.348008532744022 0.5
color 0.4 0.4 0.4
sphere 0.0 4.700000000000002 -4.0 1.0
color 0.4 0.4 0.4
sphere 0.0 -3.5 -4.0 2.0
