png 200 200 hw5springelasticity-006.png

fps 8


color 1 1 1
sun 1 1 1






color 1.0 1.0 1.0
sphere -0.49999999999999994 2.0 -4.0 0.5
color 1.0 1.0 1.0
sphere 0.8 2.0 -4.0 0.5
color 1.0 1.0 1.0
sphere -0.4624999999999999 0.0 -4.0 0.5
color 1.0 1.0 1.0
sphere 0.7625000000000001 0.0 -4.0 0.5
color 1.0 1.0 1.0
sphere -0.35 -2.0 -4.0 0.5
color 1.0 1.0 1.0
sphere 0.6500000000000001 -2.0 -4.0 0.5

fps 8


color 1 1 1
sun 1 1 1






color 1.0 1.0 1.0
sphere -0.49999999999999994 2.0 -4.0 0.5
color 1.0 1.0 1.0
sphere 0.8 2.0 -4.0 0.5
color 1.0 1.0 1.0
sphere -0.4624999999999999 0.0 -4.0 0.5
color 1.0 1.0 1.0
sphere 0.7625000000000001 0.0 -4.0 0.5
color 1.0 1.0 1.0
sphere -0.35 -2.0 -4.0 0.5
color 1.0 1.0 1.0
sphere 0.6500000000000001 -2.0 -4.0 0.5
