png 200 200 hw5springball-031.png

fps 8


plane 0 1 0 3

color 1 1 1
sun 1 1 1

color 1 0 0

color 0 0.6 0

color 0 0.3 1
color 1.0 0.0 0.0
sphere -1.851319715924666 -0.2522470091611614 -4.0 0.5
color 0.0 0.6 0.0
sphere 2.326628266366968 -1.2897760150229858 -4.0 0.5
color 0.0 0.3 1.0
sphere -0.10608593577420677 0.32949759801782963 -4.0 0.5

fps 8


plane 0 1 0 3

color 1 1 1
sun 1 1 1

color 1 0 0

color 0 0.6 0

color 0 0.3 1
color 1.0 0.0 0.0
sphere -1.851319715924666 -0.2522470091611614 -4.0 0.5
color 0.0 0.6 0.0
sphere 2.326628266366968 -1.2897760150229858 -4.0 0.5
color 0.0 0.3 1.0
sphere -0.10608593577420677 0.32949759801782963 -4.0 0.5

fps 8


plane 0 1 0 3

color 1 1 1
sun 1 1 1

color 1 0 0

color 0 0.6 0

color 0 0.3 1
color 1.0 0.0 0.0
sphere -1.851319715924666 -0.2522470091611614 -4.0 0.5
color 0.0 0.6 0.0
sphere 2.326628266366968 -1.2897760150229858 -4.0 0.5
color 0.0 0.3 1.0
sphere -0.10608593577420677 0.32949759801782963 -4.0 0.5

fps 8


plane 0 1 0 3

color 1 1 1
sun 1 1 1

color 1 0 0

color 0 0.6 0

color 0 0.3 1
color 1.0 0.0 0.0
sphere -1.851319715924666 -0.2522470091611614 -4.0 0.5
color 0.0 0.6 0.0
sphere 2.326628266366968 -1.2897760150229858 -4.0 0.5
color 0.0 0.3 1.0
sphere -0.10608593577420677 0.32949759801782963 -4.0 0.5

fps 8


plane 0 1 0 3

color 1 1 1
sun 1 1 1

color 1 0 0

color 0 0.6 0

color 0 0.3 1
color 1.0 0.0 0.0
sphere -1.851319715924666 -0.2522470091611614 -4.0 0.5
color 0.0 0.6 0.0
sphere 2.326628266366968 -1.2897760150229858 -4.0 0.5
color 0.0 0.3 1.0
sphere -0.10608593577420677 0.32949759801782963 -4.0 0.5

fps 8


plane 0 1 0 3

color 1 1 1
sun 1 1 1

color 1 0 0

color 0 0.6 0

color 0 0.3 1
color 1.0 0.0 0.0
sphere -1.851319715924666 -0.2522470091611614 -4.0 0.5
color 0.0 0.6 0.0
sphere 2.326628266366968 -1.2897760150229858 -4.0 0.5
color 0.0 0.3 1.0
sphere -0.10608593577420677 0.32949759801782963 -4.0 0.5
