png 200 200 hw5springanchor-106.png

plane 0 1 0 3
plane 0 0 1 8

color .6 .7 .8
sun 1 1 .5
color .4 .3 .2
sun -.5 1 0

color 1 0 0

color 0 1 0

color 0 0 1

color .4 .4 .4

color 1.0 0.0 0.0
sphere -1.268544699203481 0.766328038994762 -6.796769038815605 1.0
color 0.0 1.0 0.0
sphere -1.9312405722912 -0.36251016654485835 -3.3286601481412923 0.5
color 0.0 0.0 1.0
sphere 1.4217807904529631 -1.5985749694528972 -4.783021223919184 0.5
color 0.4 0.4 0.4
sphere 0.0 7.099999999999993 -4.0 1.0
color 0.4 0.4 0.4
sphere 0.0 -3.5 -4.0 2.0

plane 0 1 0 3
plane 0 0 1 8

color .6 .7 .8
sun 1 1 .5
color .4 .3 .2
sun -.5 1 0

color 1 0 0

color 0 1 0

color 0 0 1

color .4 .4 .4

color 1.0 0.0 0.0
sphere -1.268544699203481 0.766328038994762 -6.796769038815605 1.0
color 0.0 1.0 0.0
sphere -1.9312405722912 -0.36251016654485835 -3.3286601481412923 0.5
color 0.0 0.0 1.0
sphere 1.4217807904529631 -1.5985749694528972 -4.783021223919184 0.5
color 0.4 0.4 0.4
sphere 0.0 7.099999999999993 -4.0 1.0
color 0.4 0.4 0.4
sphere 0.0 -3.5 -4.0 2.0

plane 0 1 0 3
plane 0 0 1 8

color .6 .7 .8
sun 1 1 .5
color .4 .3 .2
sun -.5 1 0

color 1 0 0

color 0 1 0

plane 0 1 0 3
plane 0 0 1 8

color .6 .7 .8
sun 1 1 .5
color .4 .3 .2
sun -.5 1 0

color 1 0 0

color 0 1 0

color 0 0 1

color .4 .4 .4

color 1.0 0.0 0.0
sphere -1.268544699203481 0.766328038994762 -6.796769038815605 1.0
color 0.0 1.0 0.0
sphere -1.9312405722912 -0.36251016654485835 -3.3286601481412923 0.5
color 0.0 0.0 1.0
sphere 1.4217807904529631 -1.5985749694528972 -4.783021223919184 0.5
color 0.4 0.4 0.4
sphere 0.0 7.099999999999993 -4.0 1.0
color 0.4 0.4 0.4
sphere 0.0 -3.5 -4.0 2.0

plane 0 1 0 3
plane 0 0 1 8

color .6 .7 .8
sun 1 1 .5
color .4 .3 .2
sun -.5 1 0

color 1 0 0

color 0 1 0

color 0 0 1

color .4 .4 .4

color 1.0 0.0 0.0
sphere -1.268544699203481 0.766328038994762 -6.796769038815605 1.0
color 0.0 1.0 0.0
sphere -1.9312405722912 -0.36251016654485835 -3.3286601481412923 0.5
color 0.0 0.0 1.0
sphere 1.4217807904529631 -1.5985749694528972 -4.783021223919184 0.5
color 0.4 0.4 0.4
sphere 0.0 7.099999999999993 -4.0 1.0
color 0.4 0.4 0.4
sphere 0.0 -3.5 -4.0 2.0

plane 0 1 0 3
plane 0 0 1 8

color .6 .7 .8
sun 1 1 .5
color .4 .3 .2
sun -.5 1 0

color 1 0 0

color 0 1 0

color 0 0 1

color .4 .4 .4

color 1.0 0.0 0.0
sphere -1.268544699203481 0.766328038994762 -6.796769038815605 1.0
color 0.0 1.0 0.0
sphere -1.9312405722912 -0.36251016654485835 -3.3286601481412923 0.5
color 0.0 0.0 1.0
sphere 1.4217807904529631 -1.5985749694528972 -4.783021223919184 0.5
color 0.4 0.4 0.4
sphere 0.0 7.099999999999993 -4.0 1.0
color 0.4 0.4 0.4
sphere 0.0 -3.5 -4.0 2.0

plane 0 1 0 3
plane 0 0 1 8

color .6 .7 .8
sun 1 1 .5
color .4 .3 .2
sun -.5 1 0

color 1 0 0

color 0 1 0

color 0 0 1

color .4 .4 .4

color 1.0 0.0 0.0
sphere -1.268544699203481 0.766328038994762 -6.796769038815605 1.0
color 0.0 1.0 0.0
sphere -1.9312405722912 -0.36251016654485835 -3.3286601481412923 0.5
color 0.0 0.0 1.0
sphere 1.4217807904529631 -1.5985749694528972 -4.783021223919184 0.5
color 0.4 0.4 0.4
sphere 0.0 7.099999999999993 -4.0 1.0
color 0.4 0.4 0.4
sphere 0.0 -3.5 -4.0 2.0

plane 0 1 0 3
plane 0 0 1 8

color .6 .7 .8
sun 1 1 .5
color .4 .3 .2
sun -.5 1 0

color 1 0 0

color 0 1 0

color 0 0 1

color .4 .4 .4

color 1.0 0.0 0.0
sphere -1.268544699203481 0.766328038994762 -6.796769038815605 1.0
color 0.0 1.0 0.0
sphere -1.9312405722912 -0.36251016654485835 -3.3286601481412923 0.5
color 0.0 0.0 1.0
sphere 1.4217807904529631 -1.5985749694528972 -4.783021223919184 0.5
color 0.4 0.4 0.4
sphere 0.0 7.099999999999993 -4.0 1.0
color 0.4 0.4 0.4
sphere 0.0 -3.5 -4.0 2.0
