png 200 200 hw5springanchor-058.png

plane 0 1 0 3
plane 0 0 1 8

color .6 .7 .8
sun 1 1 .5
color .4 .3 .2
sun -.5 1 0

color 1 0 0

color 0 1 0

color 0 0 1

color .4 .4 .4

color 1.0 0.0 0.0
sphere -1.3954955604231762 -0.6392310822177654 -4.0 1.0
color 0.0 1.0 0.0
sphere -2.5 -0.9136633438925533 -4.0 0.5
color 0.0 0.0 1.0
sphere -1.9882897331174374 -2.5 -5.73849180618793 0.5
color 0.4 0.4 0.4
sphere 0.0 2.300000000000003 -4.0 1.0
color 0.4 0.4 0.4
sphere 0.0 -3.5 -4.0 2.0

plane 0 1 0 3
plane 0 0 1 8

color .6 .7 .8
sun 1 1 .5
color .4 .3 .2
sun -.5 1 0

color 1 0 0

color 0 1 0

color 0 0 1

color .4 .4 .4

color 1.0 0.0 0.0
sphere -1.3954955604231762 -0.6392310822177654 -4.0 1.0
color 0.0 1.0 0.0
sphere -2.5 -0.9136633438925533 -4.0 0.5
color 0.0 0.0 1.0
sphere -1.9882897331174374 -2.5 -5.73849180618793 0.5
color 0.4 0.4 0.4
sphere 0.0 2.300000000000003 -4.0 1.0
color 0.4 0.4 0.4
sphere 0.0 -3.5 -4.0 2.0

plane 0 1 0 3
plane 0 0 1 8

color .6 .7 .8
sun 1 1 .5
color .4 .3 .2
sun -.5 1 0

color 1 0 0

color 0 1 0


plane 0 1 0 3
plane 0 0 1 8

color .6 .7 .8
sun 1 1 .5
color .4 .3 .2
sun -.5 1 0

color 1 0 0

color 0 1 0

color 0 0 1

color .4 .4 .4

color 1.0 0.0 0.0
sphere -1.3954955604231762 -0.6392310822177654 -4.0 1.0
color 0.0 1.0 0.0
sphere -2.5 -0.9136633438925533 -4.0 0.5
color 0.0 0.0 1.0
sphere -1.9882897331174374 -2.5 -5.73849180618793 0.5
color 0.4 0.4 0.4
sphere 0.0 2.300000000000003 -4.0 1.0
color 0.4 0.4 0.4
sphere 0.0 -3.5 -4.0 2.0

plane 0 1 0 3
plane 0 0 1 8

color .6 .7 .8
sun 1 1 .5
color .4 .3 .2
sun -.5 1 0

color 1 0 0

color 0 1 0

color 0 0 1

color .4 .4 .4

color 1.0 0.0 0.0
sphere -1.3954955604231762 -0.6392310822177654 -4.0 1.0
color 0.0 1.0 0.0
sphere -2.5 -0.9136633438925533 -4.0 0.5
color 0.0 0.0 1.0
sphere -1.9882897331174374 -2.5 -5.73849180618793 0.5
color 0.4 0.4 0.4
sphere 0.0 2.300000000000003 -4.0 1.0
color 0.4 0.4 0.4
sphere 0.0 -3.5 -4.0 2.0

plane 0 1 0 3
plane 0 0 1 8

color .6 .7 .8
sun 1 1 .5
color .4 .3 .2
sun -.5 1 0

color 1 0 0

color 0 1 0

color 0 0 1

color .4 .4 .4

color 1.0 0.0 0.0
sphere -1.3954955604231762 -0.6392310822177654 -4.0 1.0
color 0.0 1.0 0.0
sphere -2.5 -0.9136633438925533 -4.0 0.5
color 0.0 0.0 1.0
sphere -1.9882897331174374 -2.5 -5.73849180618793 0.5
color 0.4 0.4 0.4
sphere 0.0 2.300000000000003 -4.0 1.0
color 0.4 0.4 0.4
sphere 0.0 -3.5 -4.0 2.0

plane 0 1 0 3
plane 0 0 1 8

color .6 .7 .8
sun 1 1 .5
color .4 .3 .2
sun -.5 1 0

color 1 0 0

color 0 1 0

color 0 0 1

color .4 .4 .4

color 1.0 0.0 0.0
sphere -1.3954955604231762 -0.6392310822177654 -4.0 1.0
color 0.0 1.0 0.0
sphere -2.5 -0.9136633438925533 -4.0 0.5
color 0.0 0.0 1.0
sphere -1.9882897331174374 -2.5 -5.73849180618793 0.5
color 0.4 0.4 0.4
sphere 0.0 2.300000000000003 -4.0 1.0
color 0.4 0.4 0.4
sphere 0.0 -3.5 -4.0 2.0

plane 0 1 0 3
plane 0 0 1 8

color .6 .7 .8
sun 1 1 .5
color .4 .3 .2
sun -.5 1 0

color 1 0 0

color 0 1 0

color 0 0 1

color .4 .4 .4

color 1.0 0.0 0.0
sphere -1.3954955604231762 -0.6392310822177654 -4.0 1.0
color 0.0 1.0 0.0
sphere -2.5 -0.9136633438925533 -4.0 0.5
color 0.0 0.0 1.0
sphere -1.9882897331174374 -2.5 -5.73849180618793 0.5
color 0.4 0.4 0.4
sphere 0.0 2.300000000000003 -4.0 1.0
color 0.4 0.4 0.4
sphere 0.0 -3.5 -4.0 2.0
