png 200 200 hw5springradius-032.png

fps 8


plane 0 1 0 3

color 1 1 1
sun 1 1 1

color 1 0 0

color 0 0.6 0

color 0 0.3 1
color 1.0 0.0 0.0
sphere 1.2555196322672302 -0.28985836067315557 -4.0 0.5
color 0.0 0.6 0.0
sphere -1.5 -0.9170669834360747 -4.0 1.5
color 0.0 0.3 1.0
sphere -0.5893503832698475 0.40021812439016785 -4.0 0.25

fps 8


plane 0 1 0 3

color 1 1 1
sun 1 1 1

color 1 0 0

color 0 0.6 0

color 0 0.3 1
color 1.0 0.0 0.0
sphere 1.2555196322672302 -0.28985836067315557 -4.0 0.5
color 0.0 0.6 0.0
sphere -1.5 -0.9170669834360747 -4.0 1.5
color 0.0 0.3 1.0
sphere -0.5893503832698475 0.40021812439016785 -4.0 0.25

fps 8


plane 0 1 0 3

color 1 1 1
sun 1 1 1

color 1 0 0

color 0 0.6 0

color 0 0.3 1
color 1.0 0.0 0.0
sphere -2.5 0.04692735972690641 -4.0 0.5
color 0.0 0.6 0.0
sphere 1.4873121830762823 -1.003935014942442 -4.0 1.5
color 0.0 0.3 1.0
sphere -0.7995751934712472 0.3861694214995545 -4.0 0.25
