png 200 200 hw5springmass-022.png

fps 8

color 1 1 1
sun 1 1 1



color 1.0 1.0 1.0
sphere -1.2 2.0 -4.0 0.5
color 1.0 1.0 1.0
sphere 1.2 2.0 -4.0 0.5
color 1.0 1.0 1.0
sphere -0.7333333333333335 0.0 -4.0 0.5
color 1.0 1.0 1.0
sphere 1.666666666666667 0.0 -4.0 0.5
color 1.0 1.0 1.0
sphere -0.05454545454545495 -2.0 -4.0 0.5
color 1.0 1.0 1.0
sphere 2.3454545454545452 -2.0 -4.0 0.5

fps 8

color 1 1 1
sun 1 1 1



color 1.0 1.0 1.0
sphere -1.2 2.0 -4.0 0.5
color 1.0 1.0 1.0
sphere 1.2 2.0 -4.0 0.5
color 1.0 1.0 1.0
sphere -0.7333333333333335 0.0 -4.0 0.5
color 1.0 1.0 1.0
sphere 1.666666666666667 0.0 -4.0 0.5
color 1.0 1.0 1.0
sphere -0.05454545454545495 -2.0 -4.0 0.5
color 1.0 1.0 1.0
sphere 2.3454545454545452 -2.0 -4.0 0.5
