png 200 200 hw5springmass-039.png

fps 8

color 1 1 1
sun 1 1 1



color 1.0 1.0 1.0
sphere -2.9000000000000012 2.0 -4.0 0.5
color 1.0 1.0 1.0
sphere 2.9000000000000012 2.0 -4.0 0.5
color 1.0 1.0 1.0
sphere -1.3000000000000012 0.0 -4.0 0.5
color 1.0 1.0 1.0
sphere 4.499999999999999 0.0 -4.0 0.5
color 1.0 1.0 1.0
sphere 1.0272727272727276 -2.0 -4.0 0.5
color 1.0 1.0 1.0
sphere 6.827272727272728 -2.0 -4.0 0.5

fps 8

color 1 1 1
sun 1 1 1



color 1.0 1.0 1.0
sphere -2.9000000000000012 2.0 -4.0 0.5
color 1.0 1.0 1.0
sphere 2.9000000000000012 2.0 -4.0 0.5
color 1.0 1.0 1.0
sphere -1.3000000000000012 0.0 -4.0 0.5
color 1.0 1.0 1.0
sphere 4.499999999999999 0.0 -4.0 0.5
color 1.0 1.0 1.0
sphere 1.0272727272727276 -2.0 -4.0 0.5
color 1.0 1.0 1.0
sphere 6.827272727272728 -2.0 -4.0 0.5
