png 200 200 hw5springelastic-028.png

fps 8


plane 0 1 0 2

color 1 1 1
sun 1 2 1


color 1.0 1.0 1.0
sphere -2.5100000000000002 -0.4297593786927467 -4.0 0.49
color 1.0 1.0 1.0
sphere -2.018551752737069 -1.2496782171121512 -4.0 0.49
color 1.0 1.0 1.0
sphere -1.1715962779782414 -1.5100000000000002 -4.0 0.49
color 1.0 1.0 1.0
sphere 0.5140400948151042 -1.51 -4.0 0.49
color 1.0 1.0 1.0
sphere -0.32797204531668084 -1.3819345918077928 -4.0 0.49
color 1.0 1.0 1.0
sphere 2.4201918546937864 -1.503748635060901 -4.0 0.49
color 1.0 1.0 1.0
sphere 1.4417338190724074 -1.5100000000000002 -4.0 0.49
