png 200 200 hw5springelasticity-022.png

fps 8


color 1 1 1
sun 1 1 1






color 1.0 1.0 1.0
sphere -1.4500000000000002 2.0 -4.0 0.5
color 1.0 1.0 1.0
sphere 0.45 2.0 -4.0 0.5
color 1.0 1.0 1.0
sphere 0.13750000000000004 0.0 -4.0 0.5
color 1.0 1.0 1.0
sphere 1.3187499999999992 0.0 -4.0 0.5
color 1.0 1.0 1.0
sphere 1.5687499999999999 -2.0 -4.0 0.5
color 1.0 1.0 1.0
sphere 2.5 -2.0 -4.0 0.5

fps 8


color 1 1 1
sun 1 1 1






color 1.0 1.0 1.0
sphere -1.4500000000000002 2.0 -4.0 0.5
color 1.0 1.0 1.0
sphere 0.45 2.0 -4.0 0.5
color 1.0 1.0 1.0
sphere 0.13750000000000004 0.0 -4.0 0.5
color 1.0 1.0 1.0
sphere 1.3187499999999992 0.0 -4.0 0.5
color 1.0 1.0 1.0
sphere 1.5687499999999999 -2.0 -4.0 0.5
color 1.0 1.0 1.0
sphere 2.5 -2.0 -4.0 0.5
