png 200 200 hw5springelasticity-012.png

fps 8


color 1 1 1
sun 1 1 1






color 1.0 1.0 1.0
sphere -0.49999999999999994 2.0 -4.0 0.5
color 1.0 1.0 1.0
sphere 2.5 2.0 -4.0 0.5
color 1.0 1.0 1.0
sphere -0.23750000000000002 0.0 -4.0 0.5
color 1.0 1.0 1.0
sphere 2.3374999999999995 0.0 -4.0 0.5
color 1.0 1.0 1.0
sphere 0.5499999999999998 -2.0 -4.0 0.5
color 1.0 1.0 1.0
sphere 1.5499999999999998 -2.0 -4.0 0.5

fps 8


color 1 1 1
sun 1 1 1






color 1.0 1.0 1.0
sphere -0.49999999999999994 2.0 -4.0 0.5
color 1.0 1.0 1.0
sphere 2.5 2.0 -4.0 0.5
color 1.0 1.0 1.0
sphere -0.23750000000000002 0.0 -4.0 0.5
color 1.0 1.0 1.0
sphere 2.3374999999999995 0.0 -4.0 0.5
color 1.0 1.0 1.0
sphere 0.5499999999999998 -2.0 -4.0 0.5
color 1.0 1.0 1.0
sphere 1.5499999999999998 -2.0 -4.0 0.5
