png 200 200 hw5springanchor-052.png

plane 0 1 0 3
plane 0 0 1 8

color .6 .7 .8
sun 1 1 .5
color .4 .3 .2
sun -.5 1 0

color 1 0 0

color 0 1 0

color 0 0 1

color .4 .4 .4

color 1.0 0.0 0.0
sphere -2.0 1.6275337586220104 -4.0 1.0
color 0.0 1.0 0.0
sphere -0.5819020574643493 -0.5962500754811623 -4.0 0.5
color 0.0 0.0 1.0
sphere -0.058551334412813016 0.36944591139828437 -6.699314457358151 0.5
color 0.4 0.4 0.4
sphere 0.0 1.7000000000000026 -4.0 1.0
color 0.4 0.4 0.4
sphere 0.0 -3.5 -4.0 2.0

plane 0 1 0 3
plane 0 0 1 8

color .6 .7 .8
sun 1 1 .5
color .4 .3 .2
sun -.5 1 0

color 1 0 0

color 0 1 0

color 0 0 1

color .4 .4 .4

color 1.0 0.0 0.0
sphere -2.0 1.6275337586220104 -4.0 1.0
color 0.0 1.0 0.0
sphere -0.5819020574643493 -0.5962500754811623 -4.0 0.5
color 0.0 0.0 1.0
sphere -0.058551334412813016 0.36944591139828437 -6.699314457358151 0.5
color 0.4 0.4 0.4
sphere 0.0 1.7000000000000026 -4.0 1.0
color 0.4 0.4 0.4
sphere 0.0 -3.5 -4.0 2.0

plane 0 1 0 3
plane 0 0 1 8

color .6 .7 .8
sun 1 1 .5
color .4 .3 .2
sun -.5 1 0

color 1 0 0

color 0 1 0


plane 0 1 0 3
plane 0 0 1 8

color .6 .7 .8
sun 1 1 .5
color .4 .3 .2
sun -.5 1 0

color 1 0 0

color 0 1 0

color 0 0 1

color .4 .4 .4

color 1.0 0.0 0.0
sphere -2.0 1.6275337586220104 -4.0 1.0
color 0.0 1.0 0.0
sphere -0.5819020574643493 -0.5962500754811623 -4.0 0.5
color 0.0 0.0 1.0
sphere -0.058551334412813016 0.36944591139828437 -6.699314457358151 0.5
color 0.4 0.4 0.4
sphere 0.0 1.7000000000000026 -4.0 1.0
color 0.4 0.4 0.4
sphere 0.0 -3.5 -4.0 2.0

plane 0 1 0 3
plane 0 0 1 8

color .6 .7 .8
sun 1 1 .5
color .4 .3 .2
sun -.5 1 0

color 1 0 0

color 0 1 0

color 0 0 1

color .4 .4 .4

color 1.0 0.0 0.0
sphere -2.0 1.6275337586220104 -4.0 1.0
color 0.0 1.0 0.0
sphere -0.5819020574643493 -0.5962500754811623 -4.0 0.5
color 0.0 0.0 1.0
sphere -0.058551334412813016 0.36944591139828437 -6.699314457358151 0.5
color 0.4 0.4 0.4
sphere 0.0 1.7000000000000026 -4.0 1.0
color 0.4 0.4 0.4
sphere 0.0 -3.5 -4.0 2.0

plane 0 1 0 3
plane 0 0 1 8

color .6 .7 .8
sun 1 1 .5
color .4 .3 .2
sun -.5 1 0

color 1 0 0

color 0 1 0

color 0 0 1

color .4 .4 .4

color 1.0 0.0 0.0
sphere -2.0 1.6275337586220104 -4.0 1.0
color 0.0 1.0 0.0
sphere -0.5819020574643493 -0.5962500754811623 -4.0 0.5
color 0.0 0.0 1.0
sphere -0.058551334412813016 0.36944591139828437 -6.699314457358151 0.5
color 0.4 0.4 0.4
sphere 0.0 1.7000000000000026 -4.0 1.0
color 0.4 0.4 0.4
sphere 0.0 -3.5 -4.0 2.0

plane 0 1 0 3
plane 0 0 1 8

color .6 .7 .8
sun 1 1 .5
color .4 .3 .2
sun -.5 1 0

color 1 0 0

color 0 1 0

color 0 0 1

color .4 .4 .4

color 1.0 0.0 0.0
sphere -2.0 1.6275337586220104 -4.0 1.0
color 0.0 1.0 0.0
sphere -0.5819020574643493 -0.5962500754811623 -4.0 0.5
color 0.0 0.0 1.0
sphere -0.058551334412813016 0.36944591139828437 -6.699314457358151 0.5
color 0.4 0.4 0.4
sphere 0.0 1.7000000000000026 -4.0 1.0
color 0.4 0.4 0.4
sphere 0.0 -3.5 -4.0 2.0

plane 0 1 0 3
plane 0 0 1 8

color .6 .7 .8
sun 1 1 .5
color .4 .3 .2
sun -.5 1 0

color 1 0 0

color 0 1 0

color 0 0 1

color .4 .4 .4

color 1.0 0.0 0.0
sphere -2.0 1.6275337586220104 -4.0 1.0
color 0.0 1.0 0.0
sphere -0.5819020574643493 -0.5962500754811623 -4.0 0.5
color 0.0 0.0 1.0
sphere -0.058551334412813016 0.36944591139828437 -6.699314457358151 0.5
color 0.4 0.4 0.4
sphere 0.0 1.7000000000000026 -4.0 1.0
color 0.4 0.4 0.4
sphere 0.0 -3.5 -4.0 2.0
