png 200 200 hw5springanchor-103.png

plane 0 1 0 3
plane 0 0 1 8

color .6 .7 .8
sun 1 1 .5
color .4 .3 .2
sun -.5 1 0

color 1 0 0

color 0 1 0

color 0 0 1

color .4 .4 .4

color 1.0 0.0 0.0
sphere -0.9214497466486558 -1.1584179902513096 -6.9276635737934 1.0
color 0.0 1.0 0.0
sphere -2.4470230137633235 0.4031062247788289 -2.7324517186503883 0.5
color 0.0 0.0 1.0
sphere 0.8646950450954372 -1.509736408724988 -5.241431961982811 0.5
color 0.4 0.4 0.4
sphere 0.0 6.7999999999999945 -4.0 1.0
color 0.4 0.4 0.4
sphere 0.0 -3.5 -4.0 2.0

plane 0 1 0 3
plane 0 0 1 8

color .6 .7 .8
sun 1 1 .5
color .4 .3 .2
sun -.5 1 0

color 1 0 0

color 0 1 0

color 0 0 1

color .4 .4 .4

color 1.0 0.0 0.0
sphere -0.9214497466486558 -1.1584179902513096 -6.9276635737934 1.0
color 0.0 1.0 0.0
sphere -2.4470230137633235 0.4031062247788289 -2.7324517186503883 0.5
color 0.0 0.0 1.0
sphere 0.8646950450954372 -1.509736408724988 -5.241431961982811 0.5
color 0.4 0.4 0.4
sphere 0.0 6.7999999999999945 -4.0 1.0
color 0.4 0.4 0.4
sphere 0.0 -3.5 -4.0 2.0

plane 0 1 0 3
plane 0 0 1 8

color .6 .7 .8
sun 1 1 .5
color .4 .3 .2
sun -.5 1 0

color 1 0 0

color 0 1 0

plane 0 1 0 3
plane 0 0 1 8

color .6 .7 .8
sun 1 1 .5
color .4 .3 .2
sun -.5 1 0

color 1 0 0

color 0 1 0

color 0 0 1

color .4 .4 .4

color 1.0 0.0 0.0
sphere -0.9214497466486558 -1.1584179902513096 -6.9276635737934 1.0
color 0.0 1.0 0.0
sphere -2.4470230137633235 0.4031062247788289 -2.7324517186503883 0.5
color 0.0 0.0 1.0
sphere 0.8646950450954372 -1.509736408724988 -5.241431961982811 0.5
color 0.4 0.4 0.4
sphere 0.0 6.7999999999999945 -4.0 1.0
color 0.4 0.4 0.4
sphere 0.0 -3.5 -4.0 2.0

plane 0 1 0 3
plane 0 0 1 8

color .6 .7 .8
sun 1 1 .5
color .4 .3 .2
sun -.5 1 0

color 1 0 0

color 0 1 0

color 0 0 1

color .4 .4 .4

color 1.0 0.0 0.0
sphere -0.9214497466486558 -1.1584179902513096 -6.9276635737934 1.0
color 0.0 1.0 0.0
sphere -2.4470230137633235 0.4031062247788289 -2.7324517186503883 0.5
color 0.0 0.0 1.0
sphere 0.8646950450954372 -1.509736408724988 -5.241431961982811 0.5
color 0.4 0.4 0.4
sphere 0.0 6.7999999999999945 -4.0 1.0
color 0.4 0.4 0.4
sphere 0.0 -3.5 -4.0 2.0

plane 0 1 0 3
plane 0 0 1 8

color .6 .7 .8
sun 1 1 .5
color .4 .3 .2
sun -.5 1 0

color 1 0 0

color 0 1 0

color 0 0 1

color .4 .4 .4

color 1.0 0.0 0.0
sphere -0.9214497466486558 -1.1584179902513096 -6.9276635737934 1.0
color 0.0 1.0 0.0
sphere -2.4470230137633235 0.4031062247788289 -2.7324517186503883 0.5
color 0.0 0.0 1.0
sphere 0.8646950450954372 -1.509736408724988 -5.241431961982811 0.5
color 0.4 0.4 0.4
sphere 0.0 6.7999999999999945 -4.0 1.0
color 0.4 0.4 0.4
sphere 0.0 -3.5 -4.0 2.0

plane 0 1 0 3
plane 0 0 1 8

color .6 .7 .8
sun 1 1 .5
color .4 .3 .2
sun -.5 1 0

color 1 0 0

color 0 1 0

color 0 0 1

color .4 .4 .4

color 1.0 0.0 0.0
sphere -0.9214497466486558 -1.1584179902513096 -6.9276635737934 1.0
color 0.0 1.0 0.0
sphere -2.4470230137633235 0.4031062247788289 -2.7324517186503883 0.5
color 0.0 0.0 1.0
sphere 0.8646950450954372 -1.509736408724988 -5.241431961982811 0.5
color 0.4 0.4 0.4
sphere 0.0 6.7999999999999945 -4.0 1.0
color 0.4 0.4 0.4
sphere 0.0 -3.5 -4.0 2.0

plane 0 1 0 3
plane 0 0 1 8

color .6 .7 .8
sun 1 1 .5
color .4 .3 .2
sun -.5 1 0

color 1 0 0

color 0 1 0

color 0 0 1

color .4 .4 .4

color 1.0 0.0 0.0
sphere -0.9214497466486558 -1.1584179902513096 -6.9276635737934 1.0
color 0.0 1.0 0.0
sphere -2.4470230137633235 0.4031062247788289 -2.7324517186503883 0.5
color 0.0 0.0 1.0
sphere 0.8646950450954372 -1.509736408724988 -5.241431961982811 0.5
color 0.4 0.4 0.4
sphere 0.0 6.7999999999999945 -4.0 1.0
color 0.4 0.4 0.4
sphere 0.0 -3.5 -4.0 2.0
