png 200 200 hw5springmass-020.png

fps 8

color 1 1 1
sun 1 1 1



color 1.0 1.0 1.0
sphere -0.9999999999999999 2.0 -4.0 0.5
color 1.0 1.0 1.0
sphere 0.9999999999999999 2.0 -4.0 0.5
color 1.0 1.0 1.0
sphere -0.6666666666666669 0.0 -4.0 0.5
color 1.0 1.0 1.0
sphere 1.3333333333333335 0.0 -4.0 0.5
color 1.0 1.0 1.0
sphere -0.18181818181818227 -2.0 -4.0 0.5
color 1.0 1.0 1.0
sphere 1.818181818181818 -2.0 -4.0 0.5

fps 8

color 1 1 1
sun 1 1 1



color 1.0 1.0 1.0
sphere -0.9999999999999999 2.0 -4.0 0.5
color 1.0 1.0 1.0
sphere 0.9999999999999999 2.0 -4.0 0.5
color 1.0 1.0 1.0
sphere -0.6666666666666669 0.0 -4.0 0.5
color 1.0 1.0 1.0
sphere 1.3333333333333335 0.0 -4.0 0.5
color 1.0 1.0 1.0
sphere -0.18181818181818227 -2.0 -4.0 0.5
color 1.0 1.0 1.0
sphere 1.818181818181818 -2.0 -4.0 0.5
