png 200 200 hw5springradius-010.png

fps 8


plane 0 1 0 3

color 1 1 1
sun 1 1 1

color 1 0 0

color 0 0.6 0

color 0 0.3 1
color 1.0 0.0 0.0
sphere -2.5 -1.8094852865210975 -4.0 0.5
color 0.0 0.6 0.0
sphere -0.7940184899423911 -0.9440135183174998 -4.0 1.5
color 0.0 0.3 1.0
sphere 2.5581475041880437 -2.4910961787577177 -4.0 0.25

fps 8


plane 0 1 0 3

color 1 1 1
sun 1 1 1

color 1 0 0

color 0 0.6 0

color 0 0.3 1
color 1.0 0.0 0.0
sphere -2.5 -1.8094852865210975 -4.0 0.5
color 0.0 0.6 0.0
sphere -0.7940184899423911 -0.9440135183174998 -4.0 1.5
color 0.0 0.3 1.0
sphere 2.5581475041880437 -2.4910961787577177 -4.0 0.25

fps 8


plane 0 1 0 3

color 1 1 1
sun 1 1 1

color 1 0 0

color 0 0.6 0

color 0 0.3 1
color 1.0 0.0 0.0
sphere -2.5 -1.8109756097560978 -4.0 0.5
color 0.0 0.6 0.0
sphere -0.7777825307152638 -0.9299060271010648 -4.0 1.5
color 0.0 0.3 1.0
sphere 2.578023110230054 -2.4662776899392638 -4.0 0.25
