png 200 200 hw5springmass-028.png

fps 8

color 1 1 1
sun 1 1 1



color 1.0 1.0 1.0
sphere -1.8000000000000005 2.0 -4.0 0.5
color 1.0 1.0 1.0
sphere 1.8000000000000005 2.0 -4.0 0.5
color 1.0 1.0 1.0
sphere -0.9333333333333335 0.0 -4.0 0.5
color 1.0 1.0 1.0
sphere 2.6666666666666665 0.0 -4.0 0.5
color 1.0 1.0 1.0
sphere 0.327272727272727 -2.0 -4.0 0.5
color 1.0 1.0 1.0
sphere 3.9272727272727272 -2.0 -4.0 0.5

fps 8

color 1 1 1
sun 1 1 1



color 1.0 1.0 1.0
sphere -1.8000000000000005 2.0 -4.0 0.5
color 1.0 1.0 1.0
sphere 1.8000000000000005 2.0 -4.0 0.5
color 1.0 1.0 1.0
sphere -0.9333333333333335 0.0 -4.0 0.5
color 1.0 1.0 1.0
sphere 2.6666666666666665 0.0 -4.0 0.5
color 1.0 1.0 1.0
sphere 0.327272727272727 -2.0 -4.0 0.5
color 1.0 1.0 1.0
sphere 3.9272727272727272 -2.0 -4.0 0.5
