png 200 200 hw5springradius-027.png

fps 8


plane 0 1 0 3

color 1 1 1
sun 1 1 1

color 1 0 0

color 0 0.6 0

color 0 0.3 1
color 1.0 0.0 0.0
sphere 1.7342374173468011 -2.4875628796909486 -4.0 0.5
color 0.0 0.6 0.0
sphere 0.2472108355381747 -0.49756102515297596 -4.0 1.5
color 0.0 0.3 1.0
sphere 0.23538254224059815 2.557128197588635 -4.0 0.25

fps 8


plane 0 1 0 3

color 1 1 1
sun 1 1 1

color 1 0 0

color 0 0.6 0

color 0 0.3 1
color 1.0 0.0 0.0
sphere 1.7342374173468011 -2.4875628796909486 -4.0 0.5
color 0.0 0.6 0.0
sphere 0.2472108355381747 -0.49756102515297596 -4.0 1.5
color 0.0 0.3 1.0
sphere 0.23538254224059815 2.557128197588635 -4.0 0.25

fps 8


plane 0 1 0 3

color 1 1 1
sun 1 1 1

color 1 0 0

color 0 0.6 0

color 0 0.3 1
color 1.0 0.0 0.0
sphere -0.3716926273552376 -2.253019976731458 -4.0 0.5
color 0.0 0.6 0.0
sphere -1.0019409991811823 -0.4641801571459272 -4.0 1.5
color 0.0 0.3 1.0
sphere -0.777118579693373 1.271318295661118 -4.0 0.25
