png 200 200 hw5springanchor-086.png

plane 0 1 0 3
plane 0 0 1 8

color .6 .7 .8
sun 1 1 .5
color .4 .3 .2
sun -.5 1 0

color 1 0 0

color 0 1 0

color 0 0 1

color .4 .4 .4

color 1.0 0.0 0.0
sphere -1.852146019760506 1.9656331772451503 -3.828934816721211 1.0
color 0.0 1.0 0.0
sphere 2.5 0.34912147963443946 -5.163767483439227 0.5
color 0.0 0.0 1.0
sphere 0.44418181788873257 -0.9883360360927851 -6.668135319328489 0.5
color 0.4 0.4 0.4
sphere 0.0 5.1000000000000005 -4.0 1.0
color 0.4 0.4 0.4
sphere 0.0 -3.5 -4.0 2.0

plane 0 1 0 3
plane 0 0 1 8

color .6 .7 .8
sun 1 1 .5
color .4 .3 .2
sun -.5 1 0

color 1 0 0

color 0 1 0

color 0 0 1

color .4 .4 .4

color 1.0 0.0 0.0
sphere -1.852146019760506 1.9656331772451503 -3.828934816721211 1.0
color 0.0 1.0 0.0
sphere 2.5 0.34912147963443946 -5.163767483439227 0.5
color 0.0 0.0 1.0
sphere 0.44418181788873257 -0.9883360360927851 -6.668135319328489 0.5
color 0.4 0.4 0.4
sphere 0.0 5.1000000000000005 -4.0 1.0
color 0.4 0.4 0.4
sphere 0.0 -3.5 -4.0 2.0

plane 0 1 0 3
plane 0 0 1 8

color .6 .7 .8
sun 1 1 .5
color .4 .3 .2
sun -.5 1 0

color 1 0 0

color 0 1 0

plane 0 1 0 3
plane 0 0 1 8

color .6 .7 .8
sun 1 1 .5
color .4 .3 .2
sun -.5 1 0

color 1 0 0

color 0 1 0

color 0 0 1

color .4 .4 .4

color 1.0 0.0 0.0
sphere -1.852146019760506 1.9656331772451503 -3.828934816721211 1.0
color 0.0 1.0 0.0
sphere 2.5 0.34912147963443946 -5.163767483439227 0.5
color 0.0 0.0 1.0
sphere 0.44418181788873257 -0.9883360360927851 -6.668135319328489 0.5
color 0.4 0.4 0.4
sphere 0.0 5.1000000000000005 -4.0 1.0
color 0.4 0.4 0.4
sphere 0.0 -3.5 -4.0 2.0

plane 0 1 0 3
plane 0 0 1 8

color .6 .7 .8
sun 1 1 .5
color .4 .3 .2
sun -.5 1 0

color 1 0 0

color 0 1 0

color 0 0 1

color .4 .4 .4

color 1.0 0.0 0.0
sphere -1.852146019760506 1.9656331772451503 -3.828934816721211 1.0
color 0.0 1.0 0.0
sphere 2.5 0.34912147963443946 -5.163767483439227 0.5
color 0.0 0.0 1.0
sphere 0.44418181788873257 -0.9883360360927851 -6.668135319328489 0.5
color 0.4 0.4 0.4
sphere 0.0 5.1000000000000005 -4.0 1.0
color 0.4 0.4 0.4
sphere 0.0 -3.5 -4.0 2.0

plane 0 1 0 3
plane 0 0 1 8

color .6 .7 .8
sun 1 1 .5
color .4 .3 .2
sun -.5 1 0

color 1 0 0

color 0 1 0

color 0 0 1

color .4 .4 .4

color 1.0 0.0 0.0
sphere -1.852146019760506 1.9656331772451503 -3.828934816721211 1.0
color 0.0 1.0 0.0
sphere 2.5 0.34912147963443946 -5.163767483439227 0.5
color 0.0 0.0 1.0
sphere 0.44418181788873257 -0.9883360360927851 -6.668135319328489 0.5
color 0.4 0.4 0.4
sphere 0.0 5.1000000000000005 -4.0 1.0
color 0.4 0.4 0.4
sphere 0.0 -3.5 -4.0 2.0

plane 0 1 0 3
plane 0 0 1 8

color .6 .7 .8
sun 1 1 .5
color .4 .3 .2
sun -.5 1 0

color 1 0 0

color 0 1 0

color 0 0 1

color .4 .4 .4

color 1.0 0.0 0.0
sphere -1.852146019760506 1.9656331772451503 -3.828934816721211 1.0
color 0.0 1.0 0.0
sphere 2.5 0.34912147963443946 -5.163767483439227 0.5
color 0.0 0.0 1.0
sphere 0.44418181788873257 -0.9883360360927851 -6.668135319328489 0.5
color 0.4 0.4 0.4
sphere 0.0 5.1000000000000005 -4.0 1.0
color 0.4 0.4 0.4
sphere 0.0 -3.5 -4.0 2.0

plane 0 1 0 3
plane 0 0 1 8

color .6 .7 .8
sun 1 1 .5
color .4 .3 .2
sun -.5 1 0

color 1 0 0

color 0 1 0

color 0 0 1

color .4 .4 .4

color 1.0 0.0 0.0
sphere -1.852146019760506 1.9656331772451503 -3.828934816721211 1.0
color 0.0 1.0 0.0
sphere 2.5 0.34912147963443946 -5.163767483439227 0.5
color 0.0 0.0 1.0
sphere 0.44418181788873257 -0.9883360360927851 -6.668135319328489 0.5
color 0.4 0.4 0.4
sphere 0.0 5.1000000000000005 -4.0 1.0
color 0.4 0.4 0.4
sphere 0.0 -3.5 -4.0 2.0
