png 200 200 hw5springradius-041.png

fps 8


plane 0 1 0 3

color 1 1 1
sun 1 1 1

color 1 0 0

color 0 0.6 0

color 0 0.3 1
color 1.0 0.0 0.0
sphere 0.809754031121672 2.0408045691401435 -4.0 0.5
color 0.0 0.6 0.0
sphere -0.6127747477474805 0.6349554046530576 -4.0 1.5
color 0.0 0.3 1.0
sphere 0.8214532717190178 -1.2200802503308388 -4.0 0.25

fps 8


plane 0 1 0 3

color 1 1 1
sun 1 1 1

color 1 0 0

color 0 0.6 0

color 0 0.3 1
color 1.0 0.0 0.0
sphere 0.809754031121672 2.0408045691401435 -4.0 0.5
color 0.0 0.6 0.0
sphere -0.6127747477474805 0.6349554046530576 -4.0 1.5
color 0.0 0.3 1.0
sphere 0.8214532717190178 -1.2200802503308388 -4.0 0.25

fps 8


plane 0 1 0 3

color 1 1 1
sun 1 1 1

color 1 0 0

color 0 0.6 0

color 0 0.3 1
color 1.0 0.0 0.0
sphere -0.1264877646965139 2.546664519684998 -4.0 0.5
color 0.0 0.6 0.0
sphere 0.8793881599099607 -1.1725380565666776 -4.0 1.5
color 0.0 0.3 1.0
sphere -2.75 -1.9459635129361905 -4.0 0.25
