png 200 200 hw5springelastic-017.png

fps 8


plane 0 1 0 2

color 1 1 1
sun 1 2 1


color 1.0 1.0 1.0
sphere -2.5 -0.76 -4.0 0.49
color 1.0 1.0 1.0
sphere -1.5 -1.2975 -4.0 0.49
color 1.0 1.0 1.0
sphere -0.5 -1.4725000000000001 -4.0 0.49
color 1.0 1.0 1.0
sphere 0.5 -1.51 -4.0 0.49
color 1.0 1.0 1.0
sphere 1.4283766900785804 -0.12025677450819819 -4.0 0.49
color 1.0 1.0 1.0
sphere 1.5075638561499287 -1.0970522457966294 -4.0 0.49
color 1.0 1.0 1.0
sphere 1.5810594537714893 1.2910590203048322 -4.0 0.49
