png 200 200 hw5springanchor-026.png

plane 0 1 0 3
plane 0 0 1 8

color .6 .7 .8
sun 1 1 .5
color .4 .3 .2
sun -.5 1 0

color 1 0 0

color 0 1 0

color 0 0 1

color .4 .4 .4

color 1.0 0.0 0.0
sphere -0.17115034240405336 2.250739985587508 -4.0 1.0
color 0.0 1.0 0.0
sphere 1.2703321270836412 2.6656234513458554 -4.0 0.5
color 0.0 0.0 1.0
sphere 1.8622498668099272 -1.1808456638466087 -7.5 0.5
color 0.4 0.4 0.4
sphere 0.0 -0.8999999999999979 -4.0 1.0
color 0.4 0.4 0.4
sphere 0.0 -3.5 -4.0 2.0

plane 0 1 0 3
plane 0 0 1 8

color .6 .7 .8
sun 1 1 .5
color .4 .3 .2
sun -.5 1 0

color 1 0 0

color 0 1 0

color 0 0 1

color .4 .4 .4

color 1.0 0.0 0.0
sphere -0.17115034240405336 2.250739985587508 -4.0 1.0
color 0.0 1.0 0.0
sphere 1.2703321270836412 2.6656234513458554 -4.0 0.5
color 0.0 0.0 1.0
sphere 1.8622498668099272 -1.1808456638466087 -7.5 0.5
color 0.4 0.4 0.4
sphere 0.0 -0.8999999999999979 -4.0 1.0
color 0.4 0.4 0.4
sphere 0.0 -3.5 -4.0 2.0

plane 0 1 0 3
plane 0 0 1 8

color .6 .7 .8
sun 1 1 .5
color .4 .3 .2
sun -.5 1 0

color 1 0 0

color 0 1 0


plane 0 1 0 3
plane 0 0 1 8

color .6 .7 .8
sun 1 1 .5
color .4 .3 .2
sun -.5 1 0

color 1 0 0

color 0 1 0

color 0 0 1

color .4 .4 .4

color 1.0 0.0 0.0
sphere -0.17115034240405336 2.250739985587508 -4.0 1.0
color 0.0 1.0 0.0
sphere 1.2703321270836412 2.6656234513458554 -4.0 0.5
color 0.0 0.0 1.0
sphere 1.8622498668099272 -1.1808456638466087 -7.5 0.5
color 0.4 0.4 0.4
sphere 0.0 -0.8999999999999979 -4.0 1.0
color 0.4 0.4 0.4
sphere 0.0 -3.5 -4.0 2.0

plane 0 1 0 3
plane 0 0 1 8

color .6 .7 .8
sun 1 1 .5
color .4 .3 .2
sun -.5 1 0

color 1 0 0

color 0 1 0

color 0 0 1

color .4 .4 .4

color 1.0 0.0 0.0
sphere -0.17115034240405336 2.250739985587508 -4.0 1.0
color 0.0 1.0 0.0
sphere 1.2703321270836412 2.6656234513458554 -4.0 0.5
color 0.0 0.0 1.0
sphere 1.8622498668099272 -1.1808456638466087 -7.5 0.5
color 0.4 0.4 0.4
sphere 0.0 -0.8999999999999979 -4.0 1.0
color 0.4 0.4 0.4
sphere 0.0 -3.5 -4.0 2.0

plane 0 1 0 3
plane 0 0 1 8

color .6 .7 .8
sun 1 1 .5
color .4 .3 .2
sun -.5 1 0

color 1 0 0

color 0 1 0

color 0 0 1

color .4 .4 .4

color 1.0 0.0 0.0
sphere -0.17115034240405336 2.250739985587508 -4.0 1.0
color 0.0 1.0 0.0
sphere 1.2703321270836412 2.6656234513458554 -4.0 0.5
color 0.0 0.0 1.0
sphere 1.8622498668099272 -1.1808456638466087 -7.5 0.5
color 0.4 0.4 0.4
sphere 0.0 -0.8999999999999979 -4.0 1.0
color 0.4 0.4 0.4
sphere 0.0 -3.5 -4.0 2.0

plane 0 1 0 3
plane 0 0 1 8

color .6 .7 .8
sun 1 1 .5
color .4 .3 .2
sun -.5 1 0

color 1 0 0

color 0 1 0

color 0 0 1

color .4 .4 .4

color 1.0 0.0 0.0
sphere -0.17115034240405336 2.250739985587508 -4.0 1.0
color 0.0 1.0 0.0
sphere 1.2703321270836412 2.6656234513458554 -4.0 0.5
color 0.0 0.0 1.0
sphere 1.8622498668099272 -1.1808456638466087 -7.5 0.5
color 0.4 0.4 0.4
sphere 0.0 -0.8999999999999979 -4.0 1.0
color 0.4 0.4 0.4
sphere 0.0 -3.5 -4.0 2.0

plane 0 1 0 3
plane 0 0 1 8

color .6 .7 .8
sun 1 1 .5
color .4 .3 .2
sun -.5 1 0

color 1 0 0

color 0 1 0

color 0 0 1

color .4 .4 .4

color 1.0 0.0 0.0
sphere -0.17115034240405336 2.250739985587508 -4.0 1.0
color 0.0 1.0 0.0
sphere 1.2703321270836412 2.6656234513458554 -4.0 0.5
color 0.0 0.0 1.0
sphere 1.8622498668099272 -1.1808456638466087 -7.5 0.5
color 0.4 0.4 0.4
sphere 0.0 -0.8999999999999979 -4.0 1.0
color 0.4 0.4 0.4
sphere 0.0 -3.5 -4.0 2.0
