png 200 200 hw5springelasticity-021.png

fps 8


color 1 1 1
sun 1 1 1






color 1.0 1.0 1.0
sphere -1.1500000000000001 2.0 -4.0 0.5
color 1.0 1.0 1.0
sphere 0.45 2.0 -4.0 0.5
color 1.0 1.0 1.0
sphere 0.10000000000000003 0.0 -4.0 0.5
color 1.0 1.0 1.0
sphere 1.4499999999999993 0.0 -4.0 0.5
color 1.0 1.0 1.0
sphere 1.5999999999999996 -2.0 -4.0 0.5
color 1.0 1.0 1.0
sphere 2.5 -2.0 -4.0 0.5

fps 8


color 1 1 1
sun 1 1 1






color 1.0 1.0 1.0
sphere -1.1500000000000001 2.0 -4.0 0.5
color 1.0 1.0 1.0
sphere 0.45 2.0 -4.0 0.5
color 1.0 1.0 1.0
sphere 0.10000000000000003 0.0 -4.0 0.5
color 1.0 1.0 1.0
sphere 1.4499999999999993 0.0 -4.0 0.5
color 1.0 1.0 1.0
sphere 1.5999999999999996 -2.0 -4.0 0.5
color 1.0 1.0 1.0
sphere 2.5 -2.0 -4.0 0.5
