png 200 200 hw5springanchor-032.png

plane 0 1 0 3
plane 0 0 1 8

color .6 .7 .8
sun 1 1 .5
color .4 .3 .2
sun -.5 1 0

color 1 0 0

color 0 1 0

color 0 0 1

color .4 .4 .4

color 1.0 0.0 0.0
sphere -1.5925501153469113 3.3471134461910594 -4.0 1.0
color 0.0 1.0 0.0
sphere 2.248196583715846 -0.7836126395732559 -4.0 0.5
color 0.0 0.0 1.0
sphere -0.051000532760291595 0.3766173446135655 -5.351888648791114 0.5
color 0.4 0.4 0.4
sphere 0.0 -0.29999999999999805 -4.0 1.0
color 0.4 0.4 0.4
sphere 0.0 -3.5 -4.0 2.0

plane 0 1 0 3
plane 0 0 1 8

color .6 .7 .8
sun 1 1 .5
color .4 .3 .2
sun -.5 1 0

color 1 0 0

color 0 1 0

color 0 0 1

color .4 .4 .4

color 1.0 0.0 0.0
sphere -1.5925501153469113 3.3471134461910594 -4.0 1.0
color 0.0 1.0 0.0
sphere 2.248196583715846 -0.7836126395732559 -4.0 0.5
color 0.0 0.0 1.0
sphere -0.051000532760291595 0.3766173446135655 -5.351888648791114 0.5
color 0.4 0.4 0.4
sphere 0.0 -0.29999999999999805 -4.0 1.0
color 0.4 0.4 0.4
sphere 0.0 -3.5 -4.0 2.0

plane 0 1 0 3
plane 0 0 1 8

color .6 .7 .8
sun 1 1 .5
color .4 .3 .2
sun -.5 1 0

color 1 0 0

color 0 1 0


plane 0 1 0 3
plane 0 0 1 8

color .6 .7 .8
sun 1 1 .5
color .4 .3 .2
sun -.5 1 0

color 1 0 0

color 0 1 0

color 0 0 1

color .4 .4 .4

color 1.0 0.0 0.0
sphere -1.5925501153469113 3.3471134461910594 -4.0 1.0
color 0.0 1.0 0.0
sphere 2.248196583715846 -0.7836126395732559 -4.0 0.5
color 0.0 0.0 1.0
sphere -0.051000532760291595 0.3766173446135655 -5.351888648791114 0.5
color 0.4 0.4 0.4
sphere 0.0 -0.29999999999999805 -4.0 1.0
color 0.4 0.4 0.4
sphere 0.0 -3.5 -4.0 2.0

plane 0 1 0 3
plane 0 0 1 8

color .6 .7 .8
sun 1 1 .5
color .4 .3 .2
sun -.5 1 0

color 1 0 0

color 0 1 0

color 0 0 1

color .4 .4 .4

color 1.0 0.0 0.0
sphere -1.5925501153469113 3.3471134461910594 -4.0 1.0
color 0.0 1.0 0.0
sphere 2.248196583715846 -0.7836126395732559 -4.0 0.5
color 0.0 0.0 1.0
sphere -0.051000532760291595 0.3766173446135655 -5.351888648791114 0.5
color 0.4 0.4 0.4
sphere 0.0 -0.29999999999999805 -4.0 1.0
color 0.4 0.4 0.4
sphere 0.0 -3.5 -4.0 2.0

plane 0 1 0 3
plane 0 0 1 8

color .6 .7 .8
sun 1 1 .5
color .4 .3 .2
sun -.5 1 0

color 1 0 0

color 0 1 0

color 0 0 1

color .4 .4 .4

color 1.0 0.0 0.0
sphere -1.5925501153469113 3.3471134461910594 -4.0 1.0
color 0.0 1.0 0.0
sphere 2.248196583715846 -0.7836126395732559 -4.0 0.5
color 0.0 0.0 1.0
sphere -0.051000532760291595 0.3766173446135655 -5.351888648791114 0.5
color 0.4 0.4 0.4
sphere 0.0 -0.29999999999999805 -4.0 1.0
color 0.4 0.4 0.4
sphere 0.0 -3.5 -4.0 2.0

plane 0 1 0 3
plane 0 0 1 8

color .6 .7 .8
sun 1 1 .5
color .4 .3 .2
sun -.5 1 0

color 1 0 0

color 0 1 0

color 0 0 1

color .4 .4 .4

color 1.0 0.0 0.0
sphere -1.5925501153469113 3.3471134461910594 -4.0 1.0
color 0.0 1.0 0.0
sphere 2.248196583715846 -0.7836126395732559 -4.0 0.5
color 0.0 0.0 1.0
sphere -0.051000532760291595 0.3766173446135655 -5.351888648791114 0.5
color 0.4 0.4 0.4
sphere 0.0 -0.29999999999999805 -4.0 1.0
color 0.4 0.4 0.4
sphere 0.0 -3.5 -4.0 2.0

plane 0 1 0 3
plane 0 0 1 8

color .6 .7 .8
sun 1 1 .5
color .4 .3 .2
sun -.5 1 0

color 1 0 0

color 0 1 0

color 0 0 1

color .4 .4 .4

color 1.0 0.0 0.0
sphere -1.5925501153469113 3.3471134461910594 -4.0 1.0
color 0.0 1.0 0.0
sphere 2.248196583715846 -0.7836126395732559 -4.0 0.5
color 0.0 0.0 1.0
sphere -0.051000532760291595 0.3766173446135655 -5.351888648791114 0.5
color 0.4 0.4 0.4
sphere 0.0 -0.29999999999999805 -4.0 1.0
color 0.4 0.4 0.4
sphere 0.0 -3.5 -4.0 2.0
