png 200 200 hw5springradius-020.png

fps 8


plane 0 1 0 3

color 1 1 1
sun 1 1 1

color 1 0 0

color 0 0.6 0

color 0 0.3 1
color 1.0 0.0 0.0
sphere 1.267855446150701 -2.5 -4.0 0.5
color 0.0 0.6 0.0
sphere 0.8709896585180352 0.2616232011021264 -4.0 1.5
color 0.0 0.3 1.0
sphere 1.8771548818674955 2.3483383084745983 -4.0 0.25

fps 8


plane 0 1 0 3

color 1 1 1
sun 1 1 1

color 1 0 0

color 0 0.6 0

color 0 0.3 1
color 1.0 0.0 0.0
sphere 1.267855446150701 -2.5 -4.0 0.5
color 0.0 0.6 0.0
sphere 0.8709896585180352 0.2616232011021264 -4.0 1.5
color 0.0 0.3 1.0
sphere 1.8771548818674955 2.3483383084745983 -4.0 0.25

fps 8


plane 0 1 0 3

color 1 1 1
sun 1 1 1

color 1 0 0

color 0 0.6 0

color 0 0.3 1
color 1.0 0.0 0.0
sphere 1.584688393599678 -2.098415523503861 -4.0 0.5
color 0.0 0.6 0.0
sphere 0.022148467164327224 -0.8500289734740202 -4.0 1.5
color 0.0 0.3 1.0
sphere 1.2727733526158556 2.119409978615154 -4.0 0.25
