png 200 200 hw5springanchor-028.png

plane 0 1 0 3
plane 0 0 1 8

color .6 .7 .8
sun 1 1 .5
color .4 .3 .2
sun -.5 1 0

color 1 0 0

color 0 1 0

color 0 0 1

color .4 .4 .4

color 1.0 0.0 0.0
sphere -0.9860501117102308 3.016197805788692 -4.0 1.0
color 0.0 1.0 0.0
sphere 1.7739389596519493 1.9158780877061516 -4.0 0.5
color 0.0 0.0 1.0
sphere 1.2244997336198544 -0.2616913276932174 -6.783962882930371 0.5
color 0.4 0.4 0.4
sphere 0.0 -0.699999999999998 -4.0 1.0
color 0.4 0.4 0.4
sphere 0.0 -3.5 -4.0 2.0

plane 0 1 0 3
plane 0 0 1 8

color .6 .7 .8
sun 1 1 .5
color .4 .3 .2
sun -.5 1 0

color 1 0 0

color 0 1 0

color 0 0 1

color .4 .4 .4

color 1.0 0.0 0.0
sphere -0.9860501117102308 3.016197805788692 -4.0 1.0
color 0.0 1.0 0.0
sphere 1.7739389596519493 1.9158780877061516 -4.0 0.5
color 0.0 0.0 1.0
sphere 1.2244997336198544 -0.2616913276932174 -6.783962882930371 0.5
color 0.4 0.4 0.4
sphere 0.0 -0.699999999999998 -4.0 1.0
color 0.4 0.4 0.4
sphere 0.0 -3.5 -4.0 2.0

plane 0 1 0 3
plane 0 0 1 8

color .6 .7 .8
sun 1 1 .5
color .4 .3 .2
sun -.5 1 0

color 1 0 0

color 0 1 0


plane 0 1 0 3
plane 0 0 1 8

color .6 .7 .8
sun 1 1 .5
color .4 .3 .2
sun -.5 1 0

color 1 0 0

color 0 1 0

color 0 0 1

color .4 .4 .4

color 1.0 0.0 0.0
sphere -0.9860501117102308 3.016197805788692 -4.0 1.0
color 0.0 1.0 0.0
sphere 1.7739389596519493 1.9158780877061516 -4.0 0.5
color 0.0 0.0 1.0
sphere 1.2244997336198544 -0.2616913276932174 -6.783962882930371 0.5
color 0.4 0.4 0.4
sphere 0.0 -0.699999999999998 -4.0 1.0
color 0.4 0.4 0.4
sphere 0.0 -3.5 -4.0 2.0

plane 0 1 0 3
plane 0 0 1 8

color .6 .7 .8
sun 1 1 .5
color .4 .3 .2
sun -.5 1 0

color 1 0 0

color 0 1 0

color 0 0 1

color .4 .4 .4

color 1.0 0.0 0.0
sphere -0.9860501117102308 3.016197805788692 -4.0 1.0
color 0.0 1.0 0.0
sphere 1.7739389596519493 1.9158780877061516 -4.0 0.5
color 0.0 0.0 1.0
sphere 1.2244997336198544 -0.2616913276932174 -6.783962882930371 0.5
color 0.4 0.4 0.4
sphere 0.0 -0.699999999999998 -4.0 1.0
color 0.4 0.4 0.4
sphere 0.0 -3.5 -4.0 2.0

plane 0 1 0 3
plane 0 0 1 8

color .6 .7 .8
sun 1 1 .5
color .4 .3 .2
sun -.5 1 0

color 1 0 0

color 0 1 0

color 0 0 1

color .4 .4 .4

color 1.0 0.0 0.0
sphere -0.9860501117102308 3.016197805788692 -4.0 1.0
color 0.0 1.0 0.0
sphere 1.7739389596519493 1.9158780877061516 -4.0 0.5
color 0.0 0.0 1.0
sphere 1.2244997336198544 -0.2616913276932174 -6.783962882930371 0.5
color 0.4 0.4 0.4
sphere 0.0 -0.699999999999998 -4.0 1.0
color 0.4 0.4 0.4
sphere 0.0 -3.5 -4.0 2.0

plane 0 1 0 3
plane 0 0 1 8

color .6 .7 .8
sun 1 1 .5
color .4 .3 .2
sun -.5 1 0

color 1 0 0

color 0 1 0

color 0 0 1

color .4 .4 .4

color 1.0 0.0 0.0
sphere -0.9860501117102308 3.016197805788692 -4.0 1.0
color 0.0 1.0 0.0
sphere 1.7739389596519493 1.9158780877061516 -4.0 0.5
color 0.0 0.0 1.0
sphere 1.2244997336198544 -0.2616913276932174 -6.783962882930371 0.5
color 0.4 0.4 0.4
sphere 0.0 -0.699999999999998 -4.0 1.0
color 0.4 0.4 0.4
sphere 0.0 -3.5 -4.0 2.0

plane 0 1 0 3
plane 0 0 1 8

color .6 .7 .8
sun 1 1 .5
color .4 .3 .2
sun -.5 1 0

color 1 0 0

color 0 1 0

color 0 0 1

color .4 .4 .4

color 1.0 0.0 0.0
sphere -0.9860501117102308 3.016197805788692 -4.0 1.0
color 0.0 1.0 0.0
sphere 1.7739389596519493 1.9158780877061516 -4.0 0.5
color 0.0 0.0 1.0
sphere 1.2244997336198544 -0.2616913276932174 -6.783962882930371 0.5
color 0.4 0.4 0.4
sphere 0.0 -0.699999999999998 -4.0 1.0
color 0.4 0.4 0.4
sphere 0.0 -3.5 -4.0 2.0
