png 200 200 hw5springanchor-112.png

plane 0 1 0 3
plane 0 0 1 8

color .6 .7 .8
sun 1 1 .5
color .4 .3 .2
sun -.5 1 0

color 1 0 0

color 0 1 0

color 0 0 1

color .4 .4 .4

color 1.0 0.0 0.0
sphere -1.9627346043131315 1.9158200974869055 -6.187076155262418 1.0
color 0.0 1.0 0.0
sphere -2.5 -1.464934471503858 -7.0298160783357355 0.5
color 0.0 0.0 1.0
sphere 0.5748889163430726 4.670383413230816 -7.500000000000001 0.5
color 0.4 0.4 0.4
sphere 0.0 7.699999999999991 -4.0 1.0
color 0.4 0.4 0.4
sphere 0.0 -3.5 -4.0 2.0

plane 0 1 0 3
plane 0 0 1 8

color .6 .7 .8
sun 1 1 .5
color .4 .3 .2
sun -.5 1 0

color 1 0 0

color 0 1 0

color 0 0 1

color .4 .4 .4

color 1.0 0.0 0.0
sphere -1.9627346043131315 1.9158200974869055 -6.187076155262418 1.0
color 0.0 1.0 0.0
sphere -2.5 -1.464934471503858 -7.0298160783357355 0.5
color 0.0 0.0 1.0
sphere 0.5748889163430726 4.670383413230816 -7.500000000000001 0.5
color 0.4 0.4 0.4
sphere 0.0 7.699999999999991 -4.0 1.0
color 0.4 0.4 0.4
sphere 0.0 -3.5 -4.0 2.0

plane 0 1 0 3
plane 0 0 1 8

color .6 .7 .8
sun 1 1 .5
color .4 .3 .2
sun -.5 1 0

color 1 0 0

color 0 1 0

plane 0 1 0 3
plane 0 0 1 8

color .6 .7 .8
sun 1 1 .5
color .4 .3 .2
sun -.5 1 0

color 1 0 0

color 0 1 0

color 0 0 1

color .4 .4 .4

color 1.0 0.0 0.0
sphere -1.9627346043131315 1.9158200974869055 -6.187076155262418 1.0
color 0.0 1.0 0.0
sphere -2.5 -1.464934471503858 -7.0298160783357355 0.5
color 0.0 0.0 1.0
sphere 0.5748889163430726 4.670383413230816 -7.500000000000001 0.5
color 0.4 0.4 0.4
sphere 0.0 7.699999999999991 -4.0 1.0
color 0.4 0.4 0.4
sphere 0.0 -3.5 -4.0 2.0

plane 0 1 0 3
plane 0 0 1 8

color .6 .7 .8
sun 1 1 .5
color .4 .3 .2
sun -.5 1 0

color 1 0 0

color 0 1 0

color 0 0 1

color .4 .4 .4

color 1.0 0.0 0.0
sphere -1.9627346043131315 1.9158200974869055 -6.187076155262418 1.0
color 0.0 1.0 0.0
sphere -2.5 -1.464934471503858 -7.0298160783357355 0.5
color 0.0 0.0 1.0
sphere 0.5748889163430726 4.670383413230816 -7.500000000000001 0.5
color 0.4 0.4 0.4
sphere 0.0 7.699999999999991 -4.0 1.0
color 0.4 0.4 0.4
sphere 0.0 -3.5 -4.0 2.0

plane 0 1 0 3
plane 0 0 1 8

color .6 .7 .8
sun 1 1 .5
color .4 .3 .2
sun -.5 1 0

color 1 0 0

color 0 1 0

color 0 0 1

color .4 .4 .4

color 1.0 0.0 0.0
sphere -1.9627346043131315 1.9158200974869055 -6.187076155262418 1.0
color 0.0 1.0 0.0
sphere -2.5 -1.464934471503858 -7.0298160783357355 0.5
color 0.0 0.0 1.0
sphere 0.5748889163430726 4.670383413230816 -7.500000000000001 0.5
color 0.4 0.4 0.4
sphere 0.0 7.699999999999991 -4.0 1.0
color 0.4 0.4 0.4
sphere 0.0 -3.5 -4.0 2.0

plane 0 1 0 3
plane 0 0 1 8

color .6 .7 .8
sun 1 1 .5
color .4 .3 .2
sun -.5 1 0

color 1 0 0

color 0 1 0

color 0 0 1

color .4 .4 .4

color 1.0 0.0 0.0
sphere -1.9627346043131315 1.9158200974869055 -6.187076155262418 1.0
color 0.0 1.0 0.0
sphere -2.5 -1.464934471503858 -7.0298160783357355 0.5
color 0.0 0.0 1.0
sphere 0.5748889163430726 4.670383413230816 -7.500000000000001 0.5
color 0.4 0.4 0.4
sphere 0.0 7.699999999999991 -4.0 1.0
color 0.4 0.4 0.4
sphere 0.0 -3.5 -4.0 2.0

plane 0 1 0 3
plane 0 0 1 8

color .6 .7 .8
sun 1 1 .5
color .4 .3 .2
sun -.5 1 0

color 1 0 0

color 0 1 0

color 0 0 1

color .4 .4 .4

color 1.0 0.0 0.0
sphere -1.9627346043131315 1.9158200974869055 -6.187076155262418 1.0
color 0.0 1.0 0.0
sphere -2.5 -1.464934471503858 -7.0298160783357355 0.5
color 0.0 0.0 1.0
sphere 0.5748889163430726 4.670383413230816 -7.500000000000001 0.5
color 0.4 0.4 0.4
sphere 0.0 7.699999999999991 -4.0 1.0
color 0.4 0.4 0.4
sphere 0.0 -3.5 -4.0 2.0
