png 200 200 hw5springelastic-037.png

fps 8


plane 0 1 0 2

color 1 1 1
sun 1 2 1


color 1.0 1.0 1.0
sphere -1.6709828563449067 -0.7766966468177098 -4.0 0.49
color 1.0 1.0 1.0
sphere -2.336402608184662 -1.4961523812875368 -4.0 0.49
color 1.0 1.0 1.0
sphere -0.8889517266616895 -1.494051006192034 -4.0 0.49
color 1.0 1.0 1.0
sphere 0.040041159401208976 -1.51 -4.0 0.49
color 1.0 1.0 1.0
sphere 0.3669170440254346 -0.7769581163168493 -4.0 0.49
color 1.0 1.0 1.0
sphere 2.024116260360823 -1.51 -4.0 0.49
color 1.0 1.0 1.0
sphere 1.0184893513412836 -1.51 -4.0 0.49
