png 200 200 hw5springanchor-037.png

plane 0 1 0 3
plane 0 0 1 8

color .6 .7 .8
sun 1 1 .5
color .4 .3 .2
sun -.5 1 0

color 1 0 0

color 0 1 0

color 0 0 1

color .4 .4 .4

color 1.0 0.0 0.0
sphere 0.46805763890230356 2.7511384925455813 -4.0 1.0
color 0.0 1.0 0.0
sphere 1.1632496343683 -0.8092619009245989 -4.0 0.5
color 0.0 0.0 1.0
sphere -2.5 0.077361083873723 -5.918447266412172 0.5
color 0.4 0.4 0.4
sphere 0.0 0.20000000000000198 -4.0 1.0
color 0.4 0.4 0.4
sphere 0.0 -3.5 -4.0 2.0

plane 0 1 0 3
plane 0 0 1 8

color .6 .7 .8
sun 1 1 .5
color .4 .3 .2
sun -.5 1 0

color 1 0 0

color 0 1 0

color 0 0 1

color .4 .4 .4

color 1.0 0.0 0.0
sphere 0.46805763890230356 2.7511384925455813 -4.0 1.0
color 0.0 1.0 0.0
sphere 1.1632496343683 -0.8092619009245989 -4.0 0.5
color 0.0 0.0 1.0
sphere -2.5 0.077361083873723 -5.918447266412172 0.5
color 0.4 0.4 0.4
sphere 0.0 0.20000000000000198 -4.0 1.0
color 0.4 0.4 0.4
sphere 0.0 -3.5 -4.0 2.0

plane 0 1 0 3
plane 0 0 1 8

color .6 .7 .8
sun 1 1 .5
color .4 .3 .2
sun -.5 1 0

color 1 0 0

color 0 1 0


plane 0 1 0 3
plane 0 0 1 8

color .6 .7 .8
sun 1 1 .5
color .4 .3 .2
sun -.5 1 0

color 1 0 0

color 0 1 0

color 0 0 1

color .4 .4 .4

color 1.0 0.0 0.0
sphere 0.46805763890230356 2.7511384925455813 -4.0 1.0
color 0.0 1.0 0.0
sphere 1.1632496343683 -0.8092619009245989 -4.0 0.5
color 0.0 0.0 1.0
sphere -2.5 0.077361083873723 -5.918447266412172 0.5
color 0.4 0.4 0.4
sphere 0.0 0.20000000000000198 -4.0 1.0
color 0.4 0.4 0.4
sphere 0.0 -3.5 -4.0 2.0

plane 0 1 0 3
plane 0 0 1 8

color .6 .7 .8
sun 1 1 .5
color .4 .3 .2
sun -.5 1 0

color 1 0 0

color 0 1 0

color 0 0 1

color .4 .4 .4

color 1.0 0.0 0.0
sphere 0.46805763890230356 2.7511384925455813 -4.0 1.0
color 0.0 1.0 0.0
sphere 1.1632496343683 -0.8092619009245989 -4.0 0.5
color 0.0 0.0 1.0
sphere -2.5 0.077361083873723 -5.918447266412172 0.5
color 0.4 0.4 0.4
sphere 0.0 0.20000000000000198 -4.0 1.0
color 0.4 0.4 0.4
sphere 0.0 -3.5 -4.0 2.0

plane 0 1 0 3
plane 0 0 1 8

color .6 .7 .8
sun 1 1 .5
color .4 .3 .2
sun -.5 1 0

color 1 0 0

color 0 1 0

color 0 0 1

color .4 .4 .4

color 1.0 0.0 0.0
sphere 0.46805763890230356 2.7511384925455813 -4.0 1.0
color 0.0 1.0 0.0
sphere 1.1632496343683 -0.8092619009245989 -4.0 0.5
color 0.0 0.0 1.0
sphere -2.5 0.077361083873723 -5.918447266412172 0.5
color 0.4 0.4 0.4
sphere 0.0 0.20000000000000198 -4.0 1.0
color 0.4 0.4 0.4
sphere 0.0 -3.5 -4.0 2.0

plane 0 1 0 3
plane 0 0 1 8

color .6 .7 .8
sun 1 1 .5
color .4 .3 .2
sun -.5 1 0

color 1 0 0

color 0 1 0

color 0 0 1

color .4 .4 .4

color 1.0 0.0 0.0
sphere 0.46805763890230356 2.7511384925455813 -4.0 1.0
color 0.0 1.0 0.0
sphere 1.1632496343683 -0.8092619009245989 -4.0 0.5
color 0.0 0.0 1.0
sphere -2.5 0.077361083873723 -5.918447266412172 0.5
color 0.4 0.4 0.4
sphere 0.0 0.20000000000000198 -4.0 1.0
color 0.4 0.4 0.4
sphere 0.0 -3.5 -4.0 2.0

plane 0 1 0 3
plane 0 0 1 8

color .6 .7 .8
sun 1 1 .5
color .4 .3 .2
sun -.5 1 0

color 1 0 0

color 0 1 0

color 0 0 1

color .4 .4 .4

color 1.0 0.0 0.0
sphere 0.46805763890230356 2.7511384925455813 -4.0 1.0
color 0.0 1.0 0.0
sphere 1.1632496343683 -0.8092619009245989 -4.0 0.5
color 0.0 0.0 1.0
sphere -2.5 0.077361083873723 -5.918447266412172 0.5
color 0.4 0.4 0.4
sphere 0.0 0.20000000000000198 -4.0 1.0
color 0.4 0.4 0.4
sphere 0.0 -3.5 -4.0 2.0
