png 200 200 hw5springelasticity-005.png

fps 8


color 1 1 1
sun 1 1 1






color 1.0 1.0 1.0
sphere -0.49999999999999994 2.0 -4.0 0.5
color 1.0 1.0 1.0
sphere 0.5000000000000001 2.0 -4.0 0.5
color 1.0 1.0 1.0
sphere -0.49999999999999994 0.0 -4.0 0.5
color 1.0 1.0 1.0
sphere 0.5000000000000001 0.0 -4.0 0.5
color 1.0 1.0 1.0
sphere -0.49999999999999994 -2.0 -4.0 0.5
color 1.0 1.0 1.0
sphere 0.5000000000000001 -2.0 -4.0 0.5

fps 8


color 1 1 1
sun 1 1 1






color 1.0 1.0 1.0
sphere -0.49999999999999994 2.0 -4.0 0.5
color 1.0 1.0 1.0
sphere 0.5000000000000001 2.0 -4.0 0.5
color 1.0 1.0 1.0
sphere -0.49999999999999994 0.0 -4.0 0.5
color 1.0 1.0 1.0
sphere 0.5000000000000001 0.0 -4.0 0.5
color 1.0 1.0 1.0
sphere -0.49999999999999994 -2.0 -4.0 0.5
color 1.0 1.0 1.0
sphere 0.5000000000000001 -2.0 -4.0 0.5
