png 200 200 hw5springelastic-040.png

fps 8


plane 0 1 0 2

color 1 1 1
sun 1 2 1


color 1.0 1.0 1.0
sphere -1.689102311261778 -1.4090036370503733 -4.0 0.49
color 1.0 1.0 1.0
sphere -2.51 -1.51 -4.0 0.49
color 1.0 1.0 1.0
sphere -0.8050818005162884 -1.4737131146116682 -4.0 0.49
color 1.0 1.0 1.0
sphere 0.09558947834757504 -1.5099999999999998 -4.0 0.49
color 1.0 1.0 1.0
sphere 0.7043440046369879 -0.770176010792822 -4.0 0.49
color 1.0 1.0 1.0
sphere 2.059126405540614 -1.4941256018001892 -4.0 0.49
color 1.0 1.0 1.0
sphere 1.093658503738567 -1.51 -4.0 0.49
