png 200 200 hw5springmass-029.png

fps 8

color 1 1 1
sun 1 1 1



color 1.0 1.0 1.0
sphere -1.9000000000000006 2.0 -4.0 0.5
color 1.0 1.0 1.0
sphere 1.9000000000000006 2.0 -4.0 0.5
color 1.0 1.0 1.0
sphere -0.9666666666666668 0.0 -4.0 0.5
color 1.0 1.0 1.0
sphere 2.833333333333333 0.0 -4.0 0.5
color 1.0 1.0 1.0
sphere 0.39090909090909065 -2.0 -4.0 0.5
color 1.0 1.0 1.0
sphere 4.190909090909091 -2.0 -4.0 0.5

fps 8

color 1 1 1
sun 1 1 1



color 1.0 1.0 1.0
sphere -1.9000000000000006 2.0 -4.0 0.5
color 1.0 1.0 1.0
sphere 1.9000000000000006 2.0 -4.0 0.5
color 1.0 1.0 1.0
sphere -0.9666666666666668 0.0 -4.0 0.5
color 1.0 1.0 1.0
sphere 2.833333333333333 0.0 -4.0 0.5
color 1.0 1.0 1.0
sphere 0.39090909090909065 -2.0 -4.0 0.5
color 1.0 1.0 1.0
sphere 4.190909090909091 -2.0 -4.0 0.5
