png 200 200 hw5springanchor-087.png

plane 0 1 0 3
plane 0 0 1 8

color .6 .7 .8
sun 1 1 .5
color .4 .3 .2
sun -.5 1 0

color 1 0 0

color 0 1 0

color 0 0 1

color .4 .4 .4

color 1.0 0.0 0.0
sphere -2.0 2.3736336679261614 -4.657869633442422 1.0
color 0.0 1.0 0.0
sphere 2.2257520444007985 0.29385910337331095 -5.5658291431488385 0.5
color 0.0 0.0 1.0
sphere 0.9348787875368547 -0.9860032433113421 -6.748167015974606 0.5
color 0.4 0.4 0.4
sphere 0.0 5.2 -4.0 1.0
color 0.4 0.4 0.4
sphere 0.0 -3.5 -4.0 2.0

plane 0 1 0 3
plane 0 0 1 8

color .6 .7 .8
sun 1 1 .5
color .4 .3 .2
sun -.5 1 0

color 1 0 0

color 0 1 0

color 0 0 1

color .4 .4 .4

color 1.0 0.0 0.0
sphere -2.0 2.3736336679261614 -4.657869633442422 1.0
color 0.0 1.0 0.0
sphere 2.2257520444007985 0.29385910337331095 -5.5658291431488385 0.5
color 0.0 0.0 1.0
sphere 0.9348787875368547 -0.9860032433113421 -6.748167015974606 0.5
color 0.4 0.4 0.4
sphere 0.0 5.2 -4.0 1.0
color 0.4 0.4 0.4
sphere 0.0 -3.5 -4.0 2.0

plane 0 1 0 3
plane 0 0 1 8

color .6 .7 .8
sun 1 1 .5
color .4 .3 .2
sun -.5 1 0

color 1 0 0

color 0 1 0

plane 0 1 0 3
plane 0 0 1 8

color .6 .7 .8
sun 1 1 .5
color .4 .3 .2
sun -.5 1 0

color 1 0 0

color 0 1 0

color 0 0 1

color .4 .4 .4

color 1.0 0.0 0.0
sphere -2.0 2.3736336679261614 -4.657869633442422 1.0
color 0.0 1.0 0.0
sphere 2.2257520444007985 0.29385910337331095 -5.5658291431488385 0.5
color 0.0 0.0 1.0
sphere 0.9348787875368547 -0.9860032433113421 -6.748167015974606 0.5
color 0.4 0.4 0.4
sphere 0.0 5.2 -4.0 1.0
color 0.4 0.4 0.4
sphere 0.0 -3.5 -4.0 2.0

plane 0 1 0 3
plane 0 0 1 8

color .6 .7 .8
sun 1 1 .5
color .4 .3 .2
sun -.5 1 0

color 1 0 0

color 0 1 0

color 0 0 1

color .4 .4 .4

color 1.0 0.0 0.0
sphere -2.0 2.3736336679261614 -4.657869633442422 1.0
color 0.0 1.0 0.0
sphere 2.2257520444007985 0.29385910337331095 -5.5658291431488385 0.5
color 0.0 0.0 1.0
sphere 0.9348787875368547 -0.9860032433113421 -6.748167015974606 0.5
color 0.4 0.4 0.4
sphere 0.0 5.2 -4.0 1.0
color 0.4 0.4 0.4
sphere 0.0 -3.5 -4.0 2.0

plane 0 1 0 3
plane 0 0 1 8

color .6 .7 .8
sun 1 1 .5
color .4 .3 .2
sun -.5 1 0

color 1 0 0

color 0 1 0

color 0 0 1

color .4 .4 .4

color 1.0 0.0 0.0
sphere -2.0 2.3736336679261614 -4.657869633442422 1.0
color 0.0 1.0 0.0
sphere 2.2257520444007985 0.29385910337331095 -5.5658291431488385 0.5
color 0.0 0.0 1.0
sphere 0.9348787875368547 -0.9860032433113421 -6.748167015974606 0.5
color 0.4 0.4 0.4
sphere 0.0 5.2 -4.0 1.0
color 0.4 0.4 0.4
sphere 0.0 -3.5 -4.0 2.0

plane 0 1 0 3
plane 0 0 1 8

color .6 .7 .8
sun 1 1 .5
color .4 .3 .2
sun -.5 1 0

color 1 0 0

color 0 1 0

color 0 0 1

color .4 .4 .4

color 1.0 0.0 0.0
sphere -2.0 2.3736336679261614 -4.657869633442422 1.0
color 0.0 1.0 0.0
sphere 2.2257520444007985 0.29385910337331095 -5.5658291431488385 0.5
color 0.0 0.0 1.0
sphere 0.9348787875368547 -0.9860032433113421 -6.748167015974606 0.5
color 0.4 0.4 0.4
sphere 0.0 5.2 -4.0 1.0
color 0.4 0.4 0.4
sphere 0.0 -3.5 -4.0 2.0

plane 0 1 0 3
plane 0 0 1 8

color .6 .7 .8
sun 1 1 .5
color .4 .3 .2
sun -.5 1 0

color 1 0 0

color 0 1 0

color 0 0 1

color .4 .4 .4

color 1.0 0.0 0.0
sphere -2.0 2.3736336679261614 -4.657869633442422 1.0
color 0.0 1.0 0.0
sphere 2.2257520444007985 0.29385910337331095 -5.5658291431488385 0.5
color 0.0 0.0 1.0
sphere 0.9348787875368547 -0.9860032433113421 -6.748167015974606 0.5
color 0.4 0.4 0.4
sphere 0.0 5.2 -4.0 1.0
color 0.4 0.4 0.4
sphere 0.0 -3.5 -4.0 2.0
