png 200 200 hw5springelasticity-024.png

fps 8


color 1 1 1
sun 1 1 1






color 1.0 1.0 1.0
sphere -2.0500000000000003 2.0 -4.0 0.5
color 1.0 1.0 1.0
sphere 0.45 2.0 -4.0 0.5
color 1.0 1.0 1.0
sphere 0.13437499999999955 0.0 -4.0 0.5
color 1.0 1.0 1.0
sphere 1.1343749999999995 0.0 -4.0 0.5
color 1.0 1.0 1.0
sphere 1.5265624999999998 -2.0 -4.0 0.5
color 1.0 1.0 1.0
sphere 2.5 -2.0 -4.0 0.5

fps 8


color 1 1 1
sun 1 1 1






color 1.0 1.0 1.0
sphere -2.0500000000000003 2.0 -4.0 0.5
color 1.0 1.0 1.0
sphere 0.45 2.0 -4.0 0.5
color 1.0 1.0 1.0
sphere 0.13437499999999955 0.0 -4.0 0.5
color 1.0 1.0 1.0
sphere 1.1343749999999995 0.0 -4.0 0.5
color 1.0 1.0 1.0
sphere 1.5265624999999998 -2.0 -4.0 0.5
color 1.0 1.0 1.0
sphere 2.5 -2.0 -4.0 0.5
