png 200 200 hw5springball-023.png

fps 8


plane 0 1 0 3

color 1 1 1
sun 1 1 1

color 1 0 0

color 0 0.6 0

color 0 0.3 1
color 1.0 0.0 0.0
sphere -2.1181718211956295 0.7185766862468441 -4.0 0.5
color 0.0 0.6 0.0
sphere -1.13128726523081 0.8800042960232402 -4.0 0.5
color 0.0 0.3 1.0
sphere -2.5 -0.6406734748770965 -4.0 0.5

fps 8


plane 0 1 0 3

color 1 1 1
sun 1 1 1

color 1 0 0

color 0 0.6 0

color 0 0.3 1
color 1.0 0.0 0.0
sphere -2.1181718211956295 0.7185766862468441 -4.0 0.5
color 0.0 0.6 0.0
sphere -1.13128726523081 0.8800042960232402 -4.0 0.5
color 0.0 0.3 1.0
sphere -2.5 -0.6406734748770965 -4.0 0.5

fps 8


plane 0 1 0 3

color 1 1 1
sun 1 1 1

color 1 0 0

color 0 0.6 0

color 0 0.3 1
color 1.0 0.0 0.0
sphere -2.1181718211956295 0.7185766862468441 -4.0 0.5
color 0.0 0.6 0.0
sphere -1.13128726523081 0.8800042960232402 -4.0 0.5
color 0.0 0.3 1.0
sphere -2.5 -0.6406734748770965 -4.0 0.5

fps 8


plane 0 1 0 3

color 1 1 1
sun 1 1 1

color 1 0 0

color 0 0.6 0

color 0 0.3 1
color 1.0 0.0 0.0
sphere -2.1181718211956295 0.7185766862468441 -4.0 0.5
color 0.0 0.6 0.0
sphere -1.13128726523081 0.8800042960232402 -4.0 0.5
color 0.0 0.3 1.0
sphere -2.5 -0.6406734748770965 -4.0 0.5

fps 8


plane 0 1 0 3

color 1 1 1
sun 1 1 1

color 1 0 0

color 0 0.6 0

color 0 0.3 1
color 1.0 0.0 0.0
sphere -2.1181718211956295 0.7185766862468441 -4.0 0.5
color 0.0 0.6 0.0
sphere -1.13128726523081 0.8800042960232402 -4.0 0.5
color 0.0 0.3 1.0
sphere -2.5 -0.6406734748770965 -4.0 0.5

fps 8


plane 0 1 0 3

color 1 1 1
sun 1 1 1

color 1 0 0

color 0 0.6 0

color 0 0.3 1
color 1.0 0.0 0.0
sphere -2.1181718211956295 0.7185766862468441 -4.0 0.5
color 0.0 0.6 0.0
sphere -1.13128726523081 0.8800042960232402 -4.0 0.5
color 0.0 0.3 1.0
sphere -2.5 -0.6406734748770965 -4.0 0.5
