png 200 200 hw5springmass-034.png

fps 8

color 1 1 1
sun 1 1 1



color 1.0 1.0 1.0
sphere -2.400000000000001 2.0 -4.0 0.5
color 1.0 1.0 1.0
sphere 2.400000000000001 2.0 -4.0 0.5
color 1.0 1.0 1.0
sphere -1.133333333333334 0.0 -4.0 0.5
color 1.0 1.0 1.0
sphere 3.6666666666666656 0.0 -4.0 0.5
color 1.0 1.0 1.0
sphere 0.709090909090909 -2.0 -4.0 0.5
color 1.0 1.0 1.0
sphere 5.50909090909091 -2.0 -4.0 0.5

fps 8

color 1 1 1
sun 1 1 1



color 1.0 1.0 1.0
sphere -2.400000000000001 2.0 -4.0 0.5
color 1.0 1.0 1.0
sphere 2.400000000000001 2.0 -4.0 0.5
color 1.0 1.0 1.0
sphere -1.133333333333334 0.0 -4.0 0.5
color 1.0 1.0 1.0
sphere 3.6666666666666656 0.0 -4.0 0.5
color 1.0 1.0 1.0
sphere 0.709090909090909 -2.0 -4.0 0.5
color 1.0 1.0 1.0
sphere 5.50909090909091 -2.0 -4.0 0.5
