png 200 200 hw5springanchor-066.png

plane 0 1 0 3
plane 0 0 1 8

color .6 .7 .8
sun 1 1 .5
color .4 .3 .2
sun -.5 1 0

color 1 0 0

color 0 1 0

color 0 0 1

color .4 .4 .4

color 1.0 0.0 0.0
sphere 1.575592800091802 1.3155681585237842 -3.0494606853380954 1.0
color 0.0 1.0 0.0
sphere -2.041923215562938 -1.0001134270389307 -4.0 0.5
color 0.0 0.0 1.0
sphere 2.5 0.5493920135235968 -5.401003596940912 0.5
color 0.4 0.4 0.4
sphere 0.0 3.1000000000000036 -4.0 1.0
color 0.4 0.4 0.4
sphere 0.0 -3.5 -4.0 2.0

plane 0 1 0 3
plane 0 0 1 8

color .6 .7 .8
sun 1 1 .5
color .4 .3 .2
sun -.5 1 0

color 1 0 0

color 0 1 0

color 0 0 1

color .4 .4 .4

color 1.0 0.0 0.0
sphere 1.575592800091802 1.3155681585237842 -3.0494606853380954 1.0
color 0.0 1.0 0.0
sphere -2.041923215562938 -1.0001134270389307 -4.0 0.5
color 0.0 0.0 1.0
sphere 2.5 0.5493920135235968 -5.401003596940912 0.5
color 0.4 0.4 0.4
sphere 0.0 3.1000000000000036 -4.0 1.0
color 0.4 0.4 0.4
sphere 0.0 -3.5 -4.0 2.0

plane 0 1 0 3
plane 0 0 1 8

color .6 .7 .8
sun 1 1 .5
color .4 .3 .2
sun -.5 1 0

color 1 0 0

color 0 1 0


plane 0 1 0 3
plane 0 0 1 8

color .6 .7 .8
sun 1 1 .5
color .4 .3 .2
sun -.5 1 0

color 1 0 0

color 0 1 0

color 0 0 1

color .4 .4 .4

color 1.0 0.0 0.0
sphere 1.575592800091802 1.3155681585237842 -3.0494606853380954 1.0
color 0.0 1.0 0.0
sphere -2.041923215562938 -1.0001134270389307 -4.0 0.5
color 0.0 0.0 1.0
sphere 2.5 0.5493920135235968 -5.401003596940912 0.5
color 0.4 0.4 0.4
sphere 0.0 3.1000000000000036 -4.0 1.0
color 0.4 0.4 0.4
sphere 0.0 -3.5 -4.0 2.0

plane 0 1 0 3
plane 0 0 1 8

color .6 .7 .8
sun 1 1 .5
color .4 .3 .2
sun -.5 1 0

color 1 0 0

color 0 1 0

color 0 0 1

color .4 .4 .4

color 1.0 0.0 0.0
sphere 1.575592800091802 1.3155681585237842 -3.0494606853380954 1.0
color 0.0 1.0 0.0
sphere -2.041923215562938 -1.0001134270389307 -4.0 0.5
color 0.0 0.0 1.0
sphere 2.5 0.5493920135235968 -5.401003596940912 0.5
color 0.4 0.4 0.4
sphere 0.0 3.1000000000000036 -4.0 1.0
color 0.4 0.4 0.4
sphere 0.0 -3.5 -4.0 2.0

plane 0 1 0 3
plane 0 0 1 8

color .6 .7 .8
sun 1 1 .5
color .4 .3 .2
sun -.5 1 0

color 1 0 0

color 0 1 0

color 0 0 1

color .4 .4 .4

color 1.0 0.0 0.0
sphere 1.575592800091802 1.3155681585237842 -3.0494606853380954 1.0
color 0.0 1.0 0.0
sphere -2.041923215562938 -1.0001134270389307 -4.0 0.5
color 0.0 0.0 1.0
sphere 2.5 0.5493920135235968 -5.401003596940912 0.5
color 0.4 0.4 0.4
sphere 0.0 3.1000000000000036 -4.0 1.0
color 0.4 0.4 0.4
sphere 0.0 -3.5 -4.0 2.0

plane 0 1 0 3
plane 0 0 1 8

color .6 .7 .8
sun 1 1 .5
color .4 .3 .2
sun -.5 1 0

color 1 0 0

color 0 1 0

color 0 0 1

color .4 .4 .4

color 1.0 0.0 0.0
sphere 1.575592800091802 1.3155681585237842 -3.0494606853380954 1.0
color 0.0 1.0 0.0
sphere -2.041923215562938 -1.0001134270389307 -4.0 0.5
color 0.0 0.0 1.0
sphere 2.5 0.5493920135235968 -5.401003596940912 0.5
color 0.4 0.4 0.4
sphere 0.0 3.1000000000000036 -4.0 1.0
color 0.4 0.4 0.4
sphere 0.0 -3.5 -4.0 2.0

plane 0 1 0 3
plane 0 0 1 8

color .6 .7 .8
sun 1 1 .5
color .4 .3 .2
sun -.5 1 0

color 1 0 0

color 0 1 0

color 0 0 1

color .4 .4 .4

color 1.0 0.0 0.0
sphere 1.575592800091802 1.3155681585237842 -3.0494606853380954 1.0
color 0.0 1.0 0.0
sphere -2.041923215562938 -1.0001134270389307 -4.0 0.5
color 0.0 0.0 1.0
sphere 2.5 0.5493920135235968 -5.401003596940912 0.5
color 0.4 0.4 0.4
sphere 0.0 3.1000000000000036 -4.0 1.0
color 0.4 0.4 0.4
sphere 0.0 -3.5 -4.0 2.0
