png 200 200 hw5springmass-025.png

fps 8

color 1 1 1
sun 1 1 1



color 1.0 1.0 1.0
sphere -1.5000000000000002 2.0 -4.0 0.5
color 1.0 1.0 1.0
sphere 1.5000000000000002 2.0 -4.0 0.5
color 1.0 1.0 1.0
sphere -0.8333333333333335 0.0 -4.0 0.5
color 1.0 1.0 1.0
sphere 2.166666666666667 0.0 -4.0 0.5
color 1.0 1.0 1.0
sphere 0.13636363636363602 -2.0 -4.0 0.5
color 1.0 1.0 1.0
sphere 3.1363636363636362 -2.0 -4.0 0.5

fps 8

color 1 1 1
sun 1 1 1



color 1.0 1.0 1.0
sphere -1.5000000000000002 2.0 -4.0 0.5
color 1.0 1.0 1.0
sphere 1.5000000000000002 2.0 -4.0 0.5
color 1.0 1.0 1.0
sphere -0.8333333333333335 0.0 -4.0 0.5
color 1.0 1.0 1.0
sphere 2.166666666666667 0.0 -4.0 0.5
color 1.0 1.0 1.0
sphere 0.13636363636363602 -2.0 -4.0 0.5
color 1.0 1.0 1.0
sphere 3.1363636363636362 -2.0 -4.0 0.5
