png 200 200 hw5springelastic-029.png

fps 8


plane 0 1 0 2

color 1 1 1
sun 1 2 1


color 1.0 1.0 1.0
sphere -2.4159146222535917 -0.5308391713967879 -4.0 0.49
color 1.0 1.0 1.0
sphere -2.214558281258098 -1.4747810033420758 -4.0 0.49
color 1.0 1.0 1.0
sphere -1.2709281731886997 -1.4930909873244982 -4.0 0.49
color 1.0 1.0 1.0
sphere 0.5043085421349948 -1.5100000000000002 -4.0 0.49
color 1.0 1.0 1.0
sphere -0.3859967401983261 -1.5100000000000002 -4.0 0.49
color 1.0 1.0 1.0
sphere 2.4342723527979855 -1.5100000000000002 -4.0 0.49
color 1.0 1.0 1.0
sphere 1.4551387191286054 -1.5099999999999998 -4.0 0.49
