png 200 200 hw5springanchor-015.png

plane 0 1 0 3
plane 0 0 1 8

color .6 .7 .8
sun 1 1 .5
color .4 .3 .2
sun -.5 1 0

color 1 0 0

color 0 1 0

color 0 0 1

color .4 .4 .4

color 1.0 0.0 0.0
sphere 0.0 2.250000000000001 -4.0 1.0
color 0.0 1.0 0.0
sphere 2.19523477220696 0.8799449258452213 -4.0 0.5
color 0.0 0.0 1.0
sphere -0.253354440178046 -0.11585205454863272 -3.574055675604443 0.5
color 0.4 0.4 0.4
sphere 0.0 -1.9999999999999987 -4.0 1.0
color 0.4 0.4 0.4
sphere 0.0 -3.5 -4.0 2.0

plane 0 1 0 3
plane 0 0 1 8

color .6 .7 .8
sun 1 1 .5
color .4 .3 .2
sun -.5 1 0

color 1 0 0

color 0 1 0

color 0 0 1

color .4 .4 .4

color 1.0 0.0 0.0
sphere 0.0 2.250000000000001 -4.0 1.0
color 0.0 1.0 0.0
sphere 2.19523477220696 0.8799449258452213 -4.0 0.5
color 0.0 0.0 1.0
sphere -0.253354440178046 -0.11585205454863272 -3.574055675604443 0.5
color 0.4 0.4 0.4
sphere 0.0 -1.9999999999999987 -4.0 1.0
color 0.4 0.4 0.4
sphere 0.0 -3.5 -4.0 2.0

plane 0 1 0 3
plane 0 0 1 8

color .6 .7 .8
sun 1 1 .5
color .4 .3 .2
sun -.5 1 0

color 1 0 0

color 0 1 0


plane 0 1 0 3
plane 0 0 1 8

color .6 .7 .8
sun 1 1 .5
color .4 .3 .2
sun -.5 1 0

color 1 0 0

color 0 1 0

color 0 0 1

color .4 .4 .4

color 1.0 0.0 0.0
sphere 0.0 2.250000000000001 -4.0 1.0
color 0.0 1.0 0.0
sphere 2.19523477220696 0.8799449258452213 -4.0 0.5
color 0.0 0.0 1.0
sphere -0.253354440178046 -0.11585205454863272 -3.574055675604443 0.5
color 0.4 0.4 0.4
sphere 0.0 -1.9999999999999987 -4.0 1.0
color 0.4 0.4 0.4
sphere 0.0 -3.5 -4.0 2.0

plane 0 1 0 3
plane 0 0 1 8

color .6 .7 .8
sun 1 1 .5
color .4 .3 .2
sun -.5 1 0

color 1 0 0

color 0 1 0

color 0 0 1

color .4 .4 .4

color 1.0 0.0 0.0
sphere 0.0 2.250000000000001 -4.0 1.0
color 0.0 1.0 0.0
sphere 2.19523477220696 0.8799449258452213 -4.0 0.5
color 0.0 0.0 1.0
sphere -0.253354440178046 -0.11585205454863272 -3.574055675604443 0.5
color 0.4 0.4 0.4
sphere 0.0 -1.9999999999999987 -4.0 1.0
color 0.4 0.4 0.4
sphere 0.0 -3.5 -4.0 2.0

plane 0 1 0 3
plane 0 0 1 8

color .6 .7 .8
sun 1 1 .5
color .4 .3 .2
sun -.5 1 0

color 1 0 0

color 0 1 0

color 0 0 1

color .4 .4 .4

color 1.0 0.0 0.0
sphere 0.0 2.250000000000001 -4.0 1.0
color 0.0 1.0 0.0
sphere 2.19523477220696 0.8799449258452213 -4.0 0.5
color 0.0 0.0 1.0
sphere -0.253354440178046 -0.11585205454863272 -3.574055675604443 0.5
color 0.4 0.4 0.4
sphere 0.0 -1.9999999999999987 -4.0 1.0
color 0.4 0.4 0.4
sphere 0.0 -3.5 -4.0 2.0

plane 0 1 0 3
plane 0 0 1 8

color .6 .7 .8
sun 1 1 .5
color .4 .3 .2
sun -.5 1 0

color 1 0 0

color 0 1 0

color 0 0 1

color .4 .4 .4

color 1.0 0.0 0.0
sphere 0.0 2.250000000000001 -4.0 1.0
color 0.0 1.0 0.0
sphere 2.19523477220696 0.8799449258452213 -4.0 0.5
color 0.0 0.0 1.0
sphere -0.253354440178046 -0.11585205454863272 -3.574055675604443 0.5
color 0.4 0.4 0.4
sphere 0.0 -1.9999999999999987 -4.0 1.0
color 0.4 0.4 0.4
sphere 0.0 -3.5 -4.0 2.0

plane 0 1 0 3
plane 0 0 1 8

color .6 .7 .8
sun 1 1 .5
color .4 .3 .2
sun -.5 1 0

color 1 0 0

color 0 1 0

color 0 0 1

color .4 .4 .4

color 1.0 0.0 0.0
sphere 0.0 2.250000000000001 -4.0 1.0
color 0.0 1.0 0.0
sphere 2.19523477220696 0.8799449258452213 -4.0 0.5
color 0.0 0.0 1.0
sphere -0.253354440178046 -0.11585205454863272 -3.574055675604443 0.5
color 0.4 0.4 0.4
sphere 0.0 -1.9999999999999987 -4.0 1.0
color 0.4 0.4 0.4
sphere 0.0 -3.5 -4.0 2.0
