png 200 200 hw5springball-028.png

fps 8


plane 0 1 0 3

color 1 1 1
sun 1 1 1

color 1 0 0

color 0 0.6 0

color 0 0.3 1
color 1.0 0.0 0.0
sphere -2.2405278863698666 -2.4008057908502534 -4.0 0.5
color 0.0 0.6 0.0
sphere 1.0299099420178015 -1.1711156288618323 -4.0 0.5
color 0.0 0.3 1.0
sphere -1.0038037098588792 -0.7682009607928683 -4.0 0.5

fps 8


plane 0 1 0 3

color 1 1 1
sun 1 1 1

color 1 0 0

color 0 0.6 0

color 0 0.3 1
color 1.0 0.0 0.0
sphere -2.2405278863698666 -2.4008057908502534 -4.0 0.5
color 0.0 0.6 0.0
sphere 1.0299099420178015 -1.1711156288618323 -4.0 0.5
color 0.0 0.3 1.0
sphere -1.0038037098588792 -0.7682009607928683 -4.0 0.5

fps 8


plane 0 1 0 3

color 1 1 1
sun 1 1 1

color 1 0 0

color 0 0.6 0

color 0 0.3 1
color 1.0 0.0 0.0
sphere -2.2405278863698666 -2.4008057908502534 -4.0 0.5
color 0.0 0.6 0.0
sphere 1.0299099420178015 -1.1711156288618323 -4.0 0.5
color 0.0 0.3 1.0
sphere -1.0038037098588792 -0.7682009607928683 -4.0 0.5

fps 8


plane 0 1 0 3

color 1 1 1
sun 1 1 1

color 1 0 0

color 0 0.6 0

color 0 0.3 1
color 1.0 0.0 0.0
sphere -2.2405278863698666 -2.4008057908502534 -4.0 0.5
color 0.0 0.6 0.0
sphere 1.0299099420178015 -1.1711156288618323 -4.0 0.5
color 0.0 0.3 1.0
sphere -1.0038037098588792 -0.7682009607928683 -4.0 0.5

fps 8


plane 0 1 0 3

color 1 1 1
sun 1 1 1

color 1 0 0

color 0 0.6 0

color 0 0.3 1
color 1.0 0.0 0.0
sphere -2.2405278863698666 -2.4008057908502534 -4.0 0.5
color 0.0 0.6 0.0
sphere 1.0299099420178015 -1.1711156288618323 -4.0 0.5
color 0.0 0.3 1.0
sphere -1.0038037098588792 -0.7682009607928683 -4.0 0.5

fps 8


plane 0 1 0 3

color 1 1 1
sun 1 1 1

color 1 0 0

color 0 0.6 0

color 0 0.3 1
color 1.0 0.0 0.0
sphere -2.2405278863698666 -2.4008057908502534 -4.0 0.5
color 0.0 0.6 0.0
sphere 1.0299099420178015 -1.1711156288618323 -4.0 0.5
color 0.0 0.3 1.0
sphere -1.0038037098588792 -0.7682009607928683 -4.0 0.5
