png 200 200 hw5springanchor-021.png

plane 0 1 0 3
plane 0 0 1 8

color .6 .7 .8
sun 1 1 .5
color .4 .3 .2
sun -.5 1 0

color 1 0 0

color 0 1 0

color 0 0 1

color .4 .4 .4

color 1.0 0.0 0.0
sphere 0.0 2.2500000000000018 -4.0 1.0
color 0.0 1.0 0.0
sphere 1.8774141265242612 3.327082295529661 -4.0 0.5
color 0.0 0.0 1.0
sphere 1.659895959392173 -1.0733150630088069 -5.722167026813329 0.5
color 0.4 0.4 0.4
sphere 0.0 -1.3999999999999981 -4.0 1.0
color 0.4 0.4 0.4
sphere 0.0 -3.5 -4.0 2.0

plane 0 1 0 3
plane 0 0 1 8

color .6 .7 .8
sun 1 1 .5
color .4 .3 .2
sun -.5 1 0

color 1 0 0

color 0 1 0

color 0 0 1

color .4 .4 .4

color 1.0 0.0 0.0
sphere 0.0 2.2500000000000018 -4.0 1.0
color 0.0 1.0 0.0
sphere 1.8774141265242612 3.327082295529661 -4.0 0.5
color 0.0 0.0 1.0
sphere 1.659895959392173 -1.0733150630088069 -5.722167026813329 0.5
color 0.4 0.4 0.4
sphere 0.0 -1.3999999999999981 -4.0 1.0
color 0.4 0.4 0.4
sphere 0.0 -3.5 -4.0 2.0

plane 0 1 0 3
plane 0 0 1 8

color .6 .7 .8
sun 1 1 .5
color .4 .3 .2
sun -.5 1 0

color 1 0 0

color 0 1 0


plane 0 1 0 3
plane 0 0 1 8

color .6 .7 .8
sun 1 1 .5
color .4 .3 .2
sun -.5 1 0

color 1 0 0

color 0 1 0

color 0 0 1

color .4 .4 .4

color 1.0 0.0 0.0
sphere 0.0 2.2500000000000018 -4.0 1.0
color 0.0 1.0 0.0
sphere 1.8774141265242612 3.327082295529661 -4.0 0.5
color 0.0 0.0 1.0
sphere 1.659895959392173 -1.0733150630088069 -5.722167026813329 0.5
color 0.4 0.4 0.4
sphere 0.0 -1.3999999999999981 -4.0 1.0
color 0.4 0.4 0.4
sphere 0.0 -3.5 -4.0 2.0

plane 0 1 0 3
plane 0 0 1 8

color .6 .7 .8
sun 1 1 .5
color .4 .3 .2
sun -.5 1 0

color 1 0 0

color 0 1 0

color 0 0 1

color .4 .4 .4

color 1.0 0.0 0.0
sphere 0.0 2.2500000000000018 -4.0 1.0
color 0.0 1.0 0.0
sphere 1.8774141265242612 3.327082295529661 -4.0 0.5
color 0.0 0.0 1.0
sphere 1.659895959392173 -1.0733150630088069 -5.722167026813329 0.5
color 0.4 0.4 0.4
sphere 0.0 -1.3999999999999981 -4.0 1.0
color 0.4 0.4 0.4
sphere 0.0 -3.5 -4.0 2.0

plane 0 1 0 3
plane 0 0 1 8

color .6 .7 .8
sun 1 1 .5
color .4 .3 .2
sun -.5 1 0

color 1 0 0

color 0 1 0

color 0 0 1

color .4 .4 .4

color 1.0 0.0 0.0
sphere 0.0 2.2500000000000018 -4.0 1.0
color 0.0 1.0 0.0
sphere 1.8774141265242612 3.327082295529661 -4.0 0.5
color 0.0 0.0 1.0
sphere 1.659895959392173 -1.0733150630088069 -5.722167026813329 0.5
color 0.4 0.4 0.4
sphere 0.0 -1.3999999999999981 -4.0 1.0
color 0.4 0.4 0.4
sphere 0.0 -3.5 -4.0 2.0

plane 0 1 0 3
plane 0 0 1 8

color .6 .7 .8
sun 1 1 .5
color .4 .3 .2
sun -.5 1 0

color 1 0 0

color 0 1 0

color 0 0 1

color .4 .4 .4

color 1.0 0.0 0.0
sphere 0.0 2.2500000000000018 -4.0 1.0
color 0.0 1.0 0.0
sphere 1.8774141265242612 3.327082295529661 -4.0 0.5
color 0.0 0.0 1.0
sphere 1.659895959392173 -1.0733150630088069 -5.722167026813329 0.5
color 0.4 0.4 0.4
sphere 0.0 -1.3999999999999981 -4.0 1.0
color 0.4 0.4 0.4
sphere 0.0 -3.5 -4.0 2.0

plane 0 1 0 3
plane 0 0 1 8

color .6 .7 .8
sun 1 1 .5
color .4 .3 .2
sun -.5 1 0

color 1 0 0

color 0 1 0

color 0 0 1

color .4 .4 .4

color 1.0 0.0 0.0
sphere 0.0 2.2500000000000018 -4.0 1.0
color 0.0 1.0 0.0
sphere 1.8774141265242612 3.327082295529661 -4.0 0.5
color 0.0 0.0 1.0
sphere 1.659895959392173 -1.0733150630088069 -5.722167026813329 0.5
color 0.4 0.4 0.4
sphere 0.0 -1.3999999999999981 -4.0 1.0
color 0.4 0.4 0.4
sphere 0.0 -3.5 -4.0 2.0
