png 200 200 hw5springradius-014.png

fps 8


plane 0 1 0 3

color 1 1 1
sun 1 1 1

color 1 0 0

color 0 0.6 0

color 0 0.3 1
color 1.0 0.0 0.0
sphere -1.1478009802276412 -1.1882631124716698 -4.0 0.5
color 0.0 0.6 0.0
sphere 0.43120816467212353 0.10879612491368328 -4.0 1.5
color 0.0 0.3 1.0
sphere 2.490049431074194 -0.25552386296045887 -4.0 0.25

fps 8


plane 0 1 0 3

color 1 1 1
sun 1 1 1

color 1 0 0

color 0 0.6 0

color 0 0.3 1
color 1.0 0.0 0.0
sphere -1.1478009802276412 -1.1882631124716698 -4.0 0.5
color 0.0 0.6 0.0
sphere 0.43120816467212353 0.10879612491368328 -4.0 1.5
color 0.0 0.3 1.0
sphere 2.490049431074194 -0.25552386296045887 -4.0 0.25

fps 8


plane 0 1 0 3

color 1 1 1
sun 1 1 1

color 1 0 0

color 0 0.6 0

color 0 0.3 1
color 1.0 0.0 0.0
sphere -1.1996638504562682 -1.2494306494759932 -4.0 0.5
color 0.0 0.6 0.0
sphere 0.45939250508373625 0.2048345193923103 -4.0 1.5
color 0.0 0.3 1.0
sphere 2.4812605386922453 -0.2722141300801107 -4.0 0.25
