png 200 200 hw5springelastic-026.png

fps 8


plane 0 1 0 2

color 1 1 1
sun 1 2 1


color 1.0 1.0 1.0
sphere -2.5 -0.25999999999999995 -4.0 0.49
color 1.0 1.0 1.0
sphere -1.7542201975559022 -1.3068142834127743 -4.0 0.49
color 1.0 1.0 1.0
sphere -0.8166087041959338 -1.5100000000000002 -4.0 0.49
color 1.0 1.0 1.0
sphere 0.5061548310339421 -1.51 -4.0 0.49
color 1.0 1.0 1.0
sphere -0.042808342975885955 -0.9749827954532386 -4.0 0.49
color 1.0 1.0 1.0
sphere 2.3912035179704163 -1.4631397012119964 -4.0 0.49
color 1.0 1.0 1.0
sphere 1.4148291295218793 -1.5100000000000002 -4.0 0.49
