png 200 200 hw5springball-020.png

fps 8


plane 0 1 0 3

color 1 1 1
sun 1 1 1

color 1 0 0

color 0 0.6 0

color 0 0.3 1
color 1.0 0.0 0.0
sphere -2.199327948337024 0.6963448674041964 -4.0 0.5
color 0.0 0.6 0.0
sphere -0.7537051137239738 -0.015453495193499839 -4.0 0.5
color 0.0 0.3 1.0
sphere -1.5466725704956108 -0.9229838648177094 -4.0 0.5

fps 8


plane 0 1 0 3

color 1 1 1
sun 1 1 1

color 1 0 0

color 0 0.6 0

color 0 0.3 1
color 1.0 0.0 0.0
sphere -2.199327948337024 0.6963448674041964 -4.0 0.5
color 0.0 0.6 0.0
sphere -0.7537051137239738 -0.015453495193499839 -4.0 0.5
color 0.0 0.3 1.0
sphere -1.5466725704956108 -0.9229838648177094 -4.0 0.5

fps 8


plane 0 1 0 3

color 1 1 1
sun 1 1 1

color 1 0 0

color 0 0.6 0

color 0 0.3 1
color 1.0 0.0 0.0
sphere -2.199327948337024 0.6963448674041964 -4.0 0.5
color 0.0 0.6 0.0
sphere -0.7537051137239738 -0.015453495193499839 -4.0 0.5
color 0.0 0.3 1.0
sphere -1.5466725704956108 -0.9229838648177094 -4.0 0.5

fps 8


plane 0 1 0 3

color 1 1 1
sun 1 1 1

color 1 0 0

color 0 0.6 0

color 0 0.3 1
color 1.0 0.0 0.0
sphere -2.199327948337024 0.6963448674041964 -4.0 0.5
color 0.0 0.6 0.0
sphere -0.7537051137239738 -0.015453495193499839 -4.0 0.5
color 0.0 0.3 1.0
sphere -1.5466725704956108 -0.9229838648177094 -4.0 0.5

fps 8


plane 0 1 0 3

color 1 1 1
sun 1 1 1

color 1 0 0

color 0 0.6 0

color 0 0.3 1
color 1.0 0.0 0.0
sphere -2.199327948337024 0.6963448674041964 -4.0 0.5
color 0.0 0.6 0.0
sphere -0.7537051137239738 -0.015453495193499839 -4.0 0.5
color 0.0 0.3 1.0
sphere -1.5466725704956108 -0.9229838648177094 -4.0 0.5

fps 8


plane 0 1 0 3

color 1 1 1
sun 1 1 1

color 1 0 0

color 0 0.6 0

color 0 0.3 1
color 1.0 0.0 0.0
sphere -2.199327948337024 0.6963448674041964 -4.0 0.5
color 0.0 0.6 0.0
sphere -0.7537051137239738 -0.015453495193499839 -4.0 0.5
color 0.0 0.3 1.0
sphere -1.5466725704956108 -0.9229838648177094 -4.0 0.5
