png 200 200 hw5springmass-026.png

fps 8

color 1 1 1
sun 1 1 1



color 1.0 1.0 1.0
sphere -1.6000000000000003 2.0 -4.0 0.5
color 1.0 1.0 1.0
sphere 1.6000000000000003 2.0 -4.0 0.5
color 1.0 1.0 1.0
sphere -0.8666666666666668 0.0 -4.0 0.5
color 1.0 1.0 1.0
sphere 2.3333333333333335 0.0 -4.0 0.5
color 1.0 1.0 1.0
sphere 0.19999999999999968 -2.0 -4.0 0.5
color 1.0 1.0 1.0
sphere 3.4 -2.0 -4.0 0.5

fps 8

color 1 1 1
sun 1 1 1



color 1.0 1.0 1.0
sphere -1.6000000000000003 2.0 -4.0 0.5
color 1.0 1.0 1.0
sphere 1.6000000000000003 2.0 -4.0 0.5
color 1.0 1.0 1.0
sphere -0.8666666666666668 0.0 -4.0 0.5
color 1.0 1.0 1.0
sphere 2.3333333333333335 0.0 -4.0 0.5
color 1.0 1.0 1.0
sphere 0.19999999999999968 -2.0 -4.0 0.5
color 1.0 1.0 1.0
sphere 3.4 -2.0 -4.0 0.5
