png 200 200 hw5springanchor-072.png

plane 0 1 0 3
plane 0 0 1 8

color .6 .7 .8
sun 1 1 .5
color .4 .3 .2
sun -.5 1 0

color 1 0 0

color 0 1 0

color 0 0 1

color .4 .4 .4

color 1.0 0.0 0.0
sphere -1.089376965287534 -0.10144704605451434 -4.181552063349514 1.0
color 0.0 1.0 0.0
sphere -1.574079062697507 1.5549968277697261 -4.0 0.5
color 0.0 0.0 1.0
sphere -1.7803304690384385 -1.551771946302534 -5.8441971621823985 0.5
color 0.4 0.4 0.4
sphere 0.0 3.700000000000004 -4.0 1.0
color 0.4 0.4 0.4
sphere 0.0 -3.5 -4.0 2.0

plane 0 1 0 3
plane 0 0 1 8

color .6 .7 .8
sun 1 1 .5
color .4 .3 .2
sun -.5 1 0

color 1 0 0

color 0 1 0

color 0 0 1

color .4 .4 .4

color 1.0 0.0 0.0
sphere -1.089376965287534 -0.10144704605451434 -4.181552063349514 1.0
color 0.0 1.0 0.0
sphere -1.574079062697507 1.5549968277697261 -4.0 0.5
color 0.0 0.0 1.0
sphere -1.7803304690384385 -1.551771946302534 -5.8441971621823985 0.5
color 0.4 0.4 0.4
sphere 0.0 3.700000000000004 -4.0 1.0
color 0.4 0.4 0.4
sphere 0.0 -3.5 -4.0 2.0

plane 0 1 0 3
plane 0 0 1 8

color .6 .7 .8
sun 1 1 .5
color .4 .3 .2
sun -.5 1 0

color 1 0 0

color 0 1 0

plane 0 1 0 3
plane 0 0 1 8

color .6 .7 .8
sun 1 1 .5
color .4 .3 .2
sun -.5 1 0

color 1 0 0

color 0 1 0

color 0 0 1

color .4 .4 .4

color 1.0 0.0 0.0
sphere -1.089376965287534 -0.10144704605451434 -4.181552063349514 1.0
color 0.0 1.0 0.0
sphere -1.574079062697507 1.5549968277697261 -4.0 0.5
color 0.0 0.0 1.0
sphere -1.7803304690384385 -1.551771946302534 -5.8441971621823985 0.5
color 0.4 0.4 0.4
sphere 0.0 3.700000000000004 -4.0 1.0
color 0.4 0.4 0.4
sphere 0.0 -3.5 -4.0 2.0

plane 0 1 0 3
plane 0 0 1 8

color .6 .7 .8
sun 1 1 .5
color .4 .3 .2
sun -.5 1 0

color 1 0 0

color 0 1 0

color 0 0 1

color .4 .4 .4

color 1.0 0.0 0.0
sphere -1.089376965287534 -0.10144704605451434 -4.181552063349514 1.0
color 0.0 1.0 0.0
sphere -1.574079062697507 1.5549968277697261 -4.0 0.5
color 0.0 0.0 1.0
sphere -1.7803304690384385 -1.551771946302534 -5.8441971621823985 0.5
color 0.4 0.4 0.4
sphere 0.0 3.700000000000004 -4.0 1.0
color 0.4 0.4 0.4
sphere 0.0 -3.5 -4.0 2.0

plane 0 1 0 3
plane 0 0 1 8

color .6 .7 .8
sun 1 1 .5
color .4 .3 .2
sun -.5 1 0

color 1 0 0

color 0 1 0

color 0 0 1

color .4 .4 .4

color 1.0 0.0 0.0
sphere -1.089376965287534 -0.10144704605451434 -4.181552063349514 1.0
color 0.0 1.0 0.0
sphere -1.574079062697507 1.5549968277697261 -4.0 0.5
color 0.0 0.0 1.0
sphere -1.7803304690384385 -1.551771946302534 -5.8441971621823985 0.5
color 0.4 0.4 0.4
sphere 0.0 3.700000000000004 -4.0 1.0
color 0.4 0.4 0.4
sphere 0.0 -3.5 -4.0 2.0

plane 0 1 0 3
plane 0 0 1 8

color .6 .7 .8
sun 1 1 .5
color .4 .3 .2
sun -.5 1 0

color 1 0 0

color 0 1 0

color 0 0 1

color .4 .4 .4

color 1.0 0.0 0.0
sphere -1.089376965287534 -0.10144704605451434 -4.181552063349514 1.0
color 0.0 1.0 0.0
sphere -1.574079062697507 1.5549968277697261 -4.0 0.5
color 0.0 0.0 1.0
sphere -1.7803304690384385 -1.551771946302534 -5.8441971621823985 0.5
color 0.4 0.4 0.4
sphere 0.0 3.700000000000004 -4.0 1.0
color 0.4 0.4 0.4
sphere 0.0 -3.5 -4.0 2.0

plane 0 1 0 3
plane 0 0 1 8

color .6 .7 .8
sun 1 1 .5
color .4 .3 .2
sun -.5 1 0

color 1 0 0

color 0 1 0

color 0 0 1

color .4 .4 .4

color 1.0 0.0 0.0
sphere -1.089376965287534 -0.10144704605451434 -4.181552063349514 1.0
color 0.0 1.0 0.0
sphere -1.574079062697507 1.5549968277697261 -4.0 0.5
color 0.0 0.0 1.0
sphere -1.7803304690384385 -1.551771946302534 -5.8441971621823985 0.5
color 0.4 0.4 0.4
sphere 0.0 3.700000000000004 -4.0 1.0
color 0.4 0.4 0.4
sphere 0.0 -3.5 -4.0 2.0
