png 200 200 hw5springelastic-039.png

fps 8


plane 0 1 0 2

color 1 1 1
sun 1 2 1


color 1.0 1.0 1.0
sphere -1.63324576272681 -1.1368050499953224 -4.0 0.49
color 1.0 1.0 1.0
sphere -2.4347673271567625 -1.4764041116916675 -4.0 0.49
color 1.0 1.0 1.0
sphere -0.8585159525481606 -1.4473595712435114 -4.0 0.49
color 1.0 1.0 1.0
sphere 0.04976666302954924 -1.51 -4.0 0.49
color 1.0 1.0 1.0
sphere 0.625766855938441 -0.7777882874831255 -4.0 0.49
color 1.0 1.0 1.0
sphere 2.00475149476524 -1.51 -4.0 0.49
color 1.0 1.0 1.0
sphere 1.0288165690996967 -1.5100000000000002 -4.0 0.49
