png 200 200 hw5springelastic-019.png

fps 8


plane 0 1 0 2

color 1 1 1
sun 1 2 1


color 1.0 1.0 1.0
sphere -2.5 -1.1600000000000001 -4.0 0.49
color 1.0 1.0 1.0
sphere -1.5 -1.485 -4.0 0.49
color 1.0 1.0 1.0
sphere -0.5 -1.50375 -4.0 0.49
color 1.0 1.0 1.0
sphere 0.5 -1.51 -4.0 0.49
color 1.0 1.0 1.0
sphere 1.222216383311506 -0.40184333525516613 -4.0 0.49
color 1.0 1.0 1.0
sphere 1.6245363031705704 -1.2954532513173123 -4.0 0.49
color 1.0 1.0 1.0
sphere 1.672247313517922 0.8797177720383665 -4.0 0.49
