png 200 200 hw5springanchor-100.png

plane 0 1 0 3
plane 0 0 1 8

color .6 .7 .8
sun 1 1 .5
color .4 .3 .2
sun -.5 1 0

color 1 0 0

color 0 1 0

color 0 0 1

color .4 .4 .4

color 1.0 0.0 0.0
sphere -0.7001778458926757 -0.9904268733630601 -6.547291278101619 1.0
color 0.0 1.0 0.0
sphere -1.5938838722001236 0.2687226161025161 -3.9754419408623267 0.5
color 0.0 0.0 1.0
sphere -2.5 -0.5854109878634819 -6.885927630369437 0.5
color 0.4 0.4 0.4
sphere 0.0 6.499999999999996 -4.0 1.0
color 0.4 0.4 0.4
sphere 0.0 -3.5 -4.0 2.0

plane 0 1 0 3
plane 0 0 1 8

color .6 .7 .8
sun 1 1 .5
color .4 .3 .2
sun -.5 1 0

color 1 0 0

color 0 1 0

color 0 0 1

color .4 .4 .4

color 1.0 0.0 0.0
sphere -0.7001778458926757 -0.9904268733630601 -6.547291278101619 1.0
color 0.0 1.0 0.0
sphere -1.5938838722001236 0.2687226161025161 -3.9754419408623267 0.5
color 0.0 0.0 1.0
sphere -2.5 -0.5854109878634819 -6.885927630369437 0.5
color 0.4 0.4 0.4
sphere 0.0 6.499999999999996 -4.0 1.0
color 0.4 0.4 0.4
sphere 0.0 -3.5 -4.0 2.0

plane 0 1 0 3
plane 0 0 1 8

color .6 .7 .8
sun 1 1 .5
color .4 .3 .2
sun -.5 1 0

color 1 0 0

color 0 1 0

plane 0 1 0 3
plane 0 0 1 8

color .6 .7 .8
sun 1 1 .5
color .4 .3 .2
sun -.5 1 0

color 1 0 0

color 0 1 0

color 0 0 1

color .4 .4 .4

color 1.0 0.0 0.0
sphere -0.7001778458926757 -0.9904268733630601 -6.547291278101619 1.0
color 0.0 1.0 0.0
sphere -1.5938838722001236 0.2687226161025161 -3.9754419408623267 0.5
color 0.0 0.0 1.0
sphere -2.5 -0.5854109878634819 -6.885927630369437 0.5
color 0.4 0.4 0.4
sphere 0.0 6.499999999999996 -4.0 1.0
color 0.4 0.4 0.4
sphere 0.0 -3.5 -4.0 2.0

plane 0 1 0 3
plane 0 0 1 8

color .6 .7 .8
sun 1 1 .5
color .4 .3 .2
sun -.5 1 0

color 1 0 0

color 0 1 0

color 0 0 1

color .4 .4 .4

color 1.0 0.0 0.0
sphere -0.7001778458926757 -0.9904268733630601 -6.547291278101619 1.0
color 0.0 1.0 0.0
sphere -1.5938838722001236 0.2687226161025161 -3.9754419408623267 0.5
color 0.0 0.0 1.0
sphere -2.5 -0.5854109878634819 -6.885927630369437 0.5
color 0.4 0.4 0.4
sphere 0.0 6.499999999999996 -4.0 1.0
color 0.4 0.4 0.4
sphere 0.0 -3.5 -4.0 2.0

plane 0 1 0 3
plane 0 0 1 8

color .6 .7 .8
sun 1 1 .5
color .4 .3 .2
sun -.5 1 0

color 1 0 0

color 0 1 0

color 0 0 1

color .4 .4 .4

color 1.0 0.0 0.0
sphere -0.7001778458926757 -0.9904268733630601 -6.547291278101619 1.0
color 0.0 1.0 0.0
sphere -1.5938838722001236 0.2687226161025161 -3.9754419408623267 0.5
color 0.0 0.0 1.0
sphere -2.5 -0.5854109878634819 -6.885927630369437 0.5
color 0.4 0.4 0.4
sphere 0.0 6.499999999999996 -4.0 1.0
color 0.4 0.4 0.4
sphere 0.0 -3.5 -4.0 2.0

plane 0 1 0 3
plane 0 0 1 8

color .6 .7 .8
sun 1 1 .5
color .4 .3 .2
sun -.5 1 0

color 1 0 0

color 0 1 0

color 0 0 1

color .4 .4 .4

color 1.0 0.0 0.0
sphere -0.7001778458926757 -0.9904268733630601 -6.547291278101619 1.0
color 0.0 1.0 0.0
sphere -1.5938838722001236 0.2687226161025161 -3.9754419408623267 0.5
color 0.0 0.0 1.0
sphere -2.5 -0.5854109878634819 -6.885927630369437 0.5
color 0.4 0.4 0.4
sphere 0.0 6.499999999999996 -4.0 1.0
color 0.4 0.4 0.4
sphere 0.0 -3.5 -4.0 2.0

plane 0 1 0 3
plane 0 0 1 8

color .6 .7 .8
sun 1 1 .5
color .4 .3 .2
sun -.5 1 0

color 1 0 0

color 0 1 0

color 0 0 1

color .4 .4 .4

color 1.0 0.0 0.0
sphere -0.7001778458926757 -0.9904268733630601 -6.547291278101619 1.0
color 0.0 1.0 0.0
sphere -1.5938838722001236 0.2687226161025161 -3.9754419408623267 0.5
color 0.0 0.0 1.0
sphere -2.5 -0.5854109878634819 -6.885927630369437 0.5
color 0.4 0.4 0.4
sphere 0.0 6.499999999999996 -4.0 1.0
color 0.4 0.4 0.4
sphere 0.0 -3.5 -4.0 2.0
