png 200 200 hw5springanchor-099.png

plane 0 1 0 3
plane 0 0 1 8

color .6 .7 .8
sun 1 1 .5
color .4 .3 .2
sun -.5 1 0

color 1 0 0

color 0 1 0

color 0 0 1

color .4 .4 .4

color 1.0 0.0 0.0
sphere -0.6602535270531513 -0.23851078383309704 -6.400192113296052 1.0
color 0.0 1.0 0.0
sphere -1.3095041583457236 0.023928079877078443 -4.389772014932973 0.5
color 0.0 0.0 1.0
sphere -1.5976926418394988 -0.4534626153287037 -7.5 0.5
color 0.4 0.4 0.4
sphere 0.0 6.399999999999996 -4.0 1.0
color 0.4 0.4 0.4
sphere 0.0 -3.5 -4.0 2.0

plane 0 1 0 3
plane 0 0 1 8

color .6 .7 .8
sun 1 1 .5
color .4 .3 .2
sun -.5 1 0

color 1 0 0

color 0 1 0

color 0 0 1

color .4 .4 .4

color 1.0 0.0 0.0
sphere -0.6602535270531513 -0.23851078383309704 -6.400192113296052 1.0
color 0.0 1.0 0.0
sphere -1.3095041583457236 0.023928079877078443 -4.389772014932973 0.5
color 0.0 0.0 1.0
sphere -1.5976926418394988 -0.4534626153287037 -7.5 0.5
color 0.4 0.4 0.4
sphere 0.0 6.399999999999996 -4.0 1.0
color 0.4 0.4 0.4
sphere 0.0 -3.5 -4.0 2.0

plane 0 1 0 3
plane 0 0 1 8

color .6 .7 .8
sun 1 1 .5
color .4 .3 .2
sun -.5 1 0

color 1 0 0

color 0 1 0

plane 0 1 0 3
plane 0 0 1 8

color .6 .7 .8
sun 1 1 .5
color .4 .3 .2
sun -.5 1 0

color 1 0 0

color 0 1 0

color 0 0 1

color .4 .4 .4

color 1.0 0.0 0.0
sphere -0.6602535270531513 -0.23851078383309704 -6.400192113296052 1.0
color 0.0 1.0 0.0
sphere -1.3095041583457236 0.023928079877078443 -4.389772014932973 0.5
color 0.0 0.0 1.0
sphere -1.5976926418394988 -0.4534626153287037 -7.5 0.5
color 0.4 0.4 0.4
sphere 0.0 6.399999999999996 -4.0 1.0
color 0.4 0.4 0.4
sphere 0.0 -3.5 -4.0 2.0

plane 0 1 0 3
plane 0 0 1 8

color .6 .7 .8
sun 1 1 .5
color .4 .3 .2
sun -.5 1 0

color 1 0 0

color 0 1 0

color 0 0 1

color .4 .4 .4

color 1.0 0.0 0.0
sphere -0.6602535270531513 -0.23851078383309704 -6.400192113296052 1.0
color 0.0 1.0 0.0
sphere -1.3095041583457236 0.023928079877078443 -4.389772014932973 0.5
color 0.0 0.0 1.0
sphere -1.5976926418394988 -0.4534626153287037 -7.5 0.5
color 0.4 0.4 0.4
sphere 0.0 6.399999999999996 -4.0 1.0
color 0.4 0.4 0.4
sphere 0.0 -3.5 -4.0 2.0

plane 0 1 0 3
plane 0 0 1 8

color .6 .7 .8
sun 1 1 .5
color .4 .3 .2
sun -.5 1 0

color 1 0 0

color 0 1 0

color 0 0 1

color .4 .4 .4

color 1.0 0.0 0.0
sphere -0.6602535270531513 -0.23851078383309704 -6.400192113296052 1.0
color 0.0 1.0 0.0
sphere -1.3095041583457236 0.023928079877078443 -4.389772014932973 0.5
color 0.0 0.0 1.0
sphere -1.5976926418394988 -0.4534626153287037 -7.5 0.5
color 0.4 0.4 0.4
sphere 0.0 6.399999999999996 -4.0 1.0
color 0.4 0.4 0.4
sphere 0.0 -3.5 -4.0 2.0

plane 0 1 0 3
plane 0 0 1 8

color .6 .7 .8
sun 1 1 .5
color .4 .3 .2
sun -.5 1 0

color 1 0 0

color 0 1 0

color 0 0 1

color .4 .4 .4

color 1.0 0.0 0.0
sphere -0.6602535270531513 -0.23851078383309704 -6.400192113296052 1.0
color 0.0 1.0 0.0
sphere -1.3095041583457236 0.023928079877078443 -4.389772014932973 0.5
color 0.0 0.0 1.0
sphere -1.5976926418394988 -0.4534626153287037 -7.5 0.5
color 0.4 0.4 0.4
sphere 0.0 6.399999999999996 -4.0 1.0
color 0.4 0.4 0.4
sphere 0.0 -3.5 -4.0 2.0

plane 0 1 0 3
plane 0 0 1 8

color .6 .7 .8
sun 1 1 .5
color .4 .3 .2
sun -.5 1 0

color 1 0 0

color 0 1 0

color 0 0 1

color .4 .4 .4

color 1.0 0.0 0.0
sphere -0.6602535270531513 -0.23851078383309704 -6.400192113296052 1.0
color 0.0 1.0 0.0
sphere -1.3095041583457236 0.023928079877078443 -4.389772014932973 0.5
color 0.0 0.0 1.0
sphere -1.5976926418394988 -0.4534626153287037 -7.5 0.5
color 0.4 0.4 0.4
sphere 0.0 6.399999999999996 -4.0 1.0
color 0.4 0.4 0.4
sphere 0.0 -3.5 -4.0 2.0
