png 200 200 hw5springanchor-065.png

plane 0 1 0 3
plane 0 0 1 8

color .6 .7 .8
sun 1 1 .5
color .4 .3 .2
sun -.5 1 0

color 1 0 0

color 0 1 0

color 0 0 1

color .4 .4 .4

color 1.0 0.0 0.0
sphere 0.9577174070342951 1.201737359286834 -3.285771098007998 1.0
color 0.0 1.0 0.0
sphere -1.8104429812373144 -1.7759651361737068 -4.0 0.5
color 0.0 0.0 1.0
sphere 2.2052648689204015 0.5495860068279519 -5.327138002733998 0.5
color 0.4 0.4 0.4
sphere 0.0 3.0000000000000036 -4.0 1.0
color 0.4 0.4 0.4
sphere 0.0 -3.5 -4.0 2.0

plane 0 1 0 3
plane 0 0 1 8

color .6 .7 .8
sun 1 1 .5
color .4 .3 .2
sun -.5 1 0

color 1 0 0

color 0 1 0

color 0 0 1

color .4 .4 .4

color 1.0 0.0 0.0
sphere 0.9577174070342951 1.201737359286834 -3.285771098007998 1.0
color 0.0 1.0 0.0
sphere -1.8104429812373144 -1.7759651361737068 -4.0 0.5
color 0.0 0.0 1.0
sphere 2.2052648689204015 0.5495860068279519 -5.327138002733998 0.5
color 0.4 0.4 0.4
sphere 0.0 3.0000000000000036 -4.0 1.0
color 0.4 0.4 0.4
sphere 0.0 -3.5 -4.0 2.0

plane 0 1 0 3
plane 0 0 1 8

color .6 .7 .8
sun 1 1 .5
color .4 .3 .2
sun -.5 1 0

color 1 0 0

color 0 1 0


plane 0 1 0 3
plane 0 0 1 8

color .6 .7 .8
sun 1 1 .5
color .4 .3 .2
sun -.5 1 0

color 1 0 0

color 0 1 0

color 0 0 1

color .4 .4 .4

color 1.0 0.0 0.0
sphere 0.9577174070342951 1.201737359286834 -3.285771098007998 1.0
color 0.0 1.0 0.0
sphere -1.8104429812373144 -1.7759651361737068 -4.0 0.5
color 0.0 0.0 1.0
sphere 2.2052648689204015 0.5495860068279519 -5.327138002733998 0.5
color 0.4 0.4 0.4
sphere 0.0 3.0000000000000036 -4.0 1.0
color 0.4 0.4 0.4
sphere 0.0 -3.5 -4.0 2.0

plane 0 1 0 3
plane 0 0 1 8

color .6 .7 .8
sun 1 1 .5
color .4 .3 .2
sun -.5 1 0

color 1 0 0

color 0 1 0

color 0 0 1

color .4 .4 .4

color 1.0 0.0 0.0
sphere 0.9577174070342951 1.201737359286834 -3.285771098007998 1.0
color 0.0 1.0 0.0
sphere -1.8104429812373144 -1.7759651361737068 -4.0 0.5
color 0.0 0.0 1.0
sphere 2.2052648689204015 0.5495860068279519 -5.327138002733998 0.5
color 0.4 0.4 0.4
sphere 0.0 3.0000000000000036 -4.0 1.0
color 0.4 0.4 0.4
sphere 0.0 -3.5 -4.0 2.0

plane 0 1 0 3
plane 0 0 1 8

color .6 .7 .8
sun 1 1 .5
color .4 .3 .2
sun -.5 1 0

color 1 0 0

color 0 1 0

color 0 0 1

color .4 .4 .4

color 1.0 0.0 0.0
sphere 0.9577174070342951 1.201737359286834 -3.285771098007998 1.0
color 0.0 1.0 0.0
sphere -1.8104429812373144 -1.7759651361737068 -4.0 0.5
color 0.0 0.0 1.0
sphere 2.2052648689204015 0.5495860068279519 -5.327138002733998 0.5
color 0.4 0.4 0.4
sphere 0.0 3.0000000000000036 -4.0 1.0
color 0.4 0.4 0.4
sphere 0.0 -3.5 -4.0 2.0

plane 0 1 0 3
plane 0 0 1 8

color .6 .7 .8
sun 1 1 .5
color .4 .3 .2
sun -.5 1 0

color 1 0 0

color 0 1 0

color 0 0 1

color .4 .4 .4

color 1.0 0.0 0.0
sphere 0.9577174070342951 1.201737359286834 -3.285771098007998 1.0
color 0.0 1.0 0.0
sphere -1.8104429812373144 -1.7759651361737068 -4.0 0.5
color 0.0 0.0 1.0
sphere 2.2052648689204015 0.5495860068279519 -5.327138002733998 0.5
color 0.4 0.4 0.4
sphere 0.0 3.0000000000000036 -4.0 1.0
color 0.4 0.4 0.4
sphere 0.0 -3.5 -4.0 2.0

plane 0 1 0 3
plane 0 0 1 8

color .6 .7 .8
sun 1 1 .5
color .4 .3 .2
sun -.5 1 0

color 1 0 0

color 0 1 0

color 0 0 1

color .4 .4 .4

color 1.0 0.0 0.0
sphere 0.9577174070342951 1.201737359286834 -3.285771098007998 1.0
color 0.0 1.0 0.0
sphere -1.8104429812373144 -1.7759651361737068 -4.0 0.5
color 0.0 0.0 1.0
sphere 2.2052648689204015 0.5495860068279519 -5.327138002733998 0.5
color 0.4 0.4 0.4
sphere 0.0 3.0000000000000036 -4.0 1.0
color 0.4 0.4 0.4
sphere 0.0 -3.5 -4.0 2.0
