png 200 200 hw5springradius-015.png

fps 8


plane 0 1 0 3

color 1 1 1
sun 1 1 1

color 1 0 0

color 0 0.6 0

color 0 0.3 1
color 1.0 0.0 0.0
sphere -0.6890466134335846 -1.315530256102434 -4.0 0.5
color 0.0 0.6 0.0
sphere 0.7212351883454056 0.14117972011325866 -4.0 1.5
color 0.0 0.3 1.0
sphere 2.4535477192690736 0.3893596854707297 -4.0 0.25

fps 8


plane 0 1 0 3

color 1 1 1
sun 1 1 1

color 1 0 0

color 0 0.6 0

color 0 0.3 1
color 1.0 0.0 0.0
sphere -0.6890466134335846 -1.315530256102434 -4.0 0.5
color 0.0 0.6 0.0
sphere 0.7212351883454056 0.14117972011325866 -4.0 1.5
color 0.0 0.3 1.0
sphere 2.4535477192690736 0.3893596854707297 -4.0 0.25

fps 8


plane 0 1 0 3

color 1 1 1
sun 1 1 1

color 1 0 0

color 0 0.6 0

color 0 0.3 1
color 1.0 0.0 0.0
sphere -0.7662184672750242 -1.3977656626652897 -4.0 0.5
color 0.0 0.6 0.0
sphere 0.7288321119955411 0.2705803461515372 -4.0 1.5
color 0.0 0.3 1.0
sphere 2.47652685365393 0.3603750563499585 -4.0 0.25
