png 200 200 hw5springanchor-111.png

plane 0 1 0 3
plane 0 0 1 8

color .6 .7 .8
sun 1 1 .5
color .4 .3 .2
sun -.5 1 0

color 1 0 0

color 0 1 0

color 0 0 1

color .4 .4 .4

color 1.0 0.0 0.0
sphere -1.8470362867948564 1.9742380877382149 -6.288691635854616 1.0
color 0.0 1.0 0.0
sphere -2.147710944427931 -1.4017611816851339 -6.269036025610396 0.5
color 0.0 0.0 1.0
sphere 0.7160375620280544 3.8755570161168635 -7.157881454574431 0.5
color 0.4 0.4 0.4
sphere 0.0 7.599999999999992 -4.0 1.0
color 0.4 0.4 0.4
sphere 0.0 -3.5 -4.0 2.0

plane 0 1 0 3
plane 0 0 1 8

color .6 .7 .8
sun 1 1 .5
color .4 .3 .2
sun -.5 1 0

color 1 0 0

color 0 1 0

color 0 0 1

color .4 .4 .4

color 1.0 0.0 0.0
sphere -1.8470362867948564 1.9742380877382149 -6.288691635854616 1.0
color 0.0 1.0 0.0
sphere -2.147710944427931 -1.4017611816851339 -6.269036025610396 0.5
color 0.0 0.0 1.0
sphere 0.7160375620280544 3.8755570161168635 -7.157881454574431 0.5
color 0.4 0.4 0.4
sphere 0.0 7.599999999999992 -4.0 1.0
color 0.4 0.4 0.4
sphere 0.0 -3.5 -4.0 2.0

plane 0 1 0 3
plane 0 0 1 8

color .6 .7 .8
sun 1 1 .5
color .4 .3 .2
sun -.5 1 0

color 1 0 0

color 0 1 0

plane 0 1 0 3
plane 0 0 1 8

color .6 .7 .8
sun 1 1 .5
color .4 .3 .2
sun -.5 1 0

color 1 0 0

color 0 1 0

color 0 0 1

color .4 .4 .4

color 1.0 0.0 0.0
sphere -1.8470362867948564 1.9742380877382149 -6.288691635854616 1.0
color 0.0 1.0 0.0
sphere -2.147710944427931 -1.4017611816851339 -6.269036025610396 0.5
color 0.0 0.0 1.0
sphere 0.7160375620280544 3.8755570161168635 -7.157881454574431 0.5
color 0.4 0.4 0.4
sphere 0.0 7.599999999999992 -4.0 1.0
color 0.4 0.4 0.4
sphere 0.0 -3.5 -4.0 2.0

plane 0 1 0 3
plane 0 0 1 8

color .6 .7 .8
sun 1 1 .5
color .4 .3 .2
sun -.5 1 0

color 1 0 0

color 0 1 0

color 0 0 1

color .4 .4 .4

color 1.0 0.0 0.0
sphere -1.8470362867948564 1.9742380877382149 -6.288691635854616 1.0
color 0.0 1.0 0.0
sphere -2.147710944427931 -1.4017611816851339 -6.269036025610396 0.5
color 0.0 0.0 1.0
sphere 0.7160375620280544 3.8755570161168635 -7.157881454574431 0.5
color 0.4 0.4 0.4
sphere 0.0 7.599999999999992 -4.0 1.0
color 0.4 0.4 0.4
sphere 0.0 -3.5 -4.0 2.0

plane 0 1 0 3
plane 0 0 1 8

color .6 .7 .8
sun 1 1 .5
color .4 .3 .2
sun -.5 1 0

color 1 0 0

color 0 1 0

color 0 0 1

color .4 .4 .4

color 1.0 0.0 0.0
sphere -1.8470362867948564 1.9742380877382149 -6.288691635854616 1.0
color 0.0 1.0 0.0
sphere -2.147710944427931 -1.4017611816851339 -6.269036025610396 0.5
color 0.0 0.0 1.0
sphere 0.7160375620280544 3.8755570161168635 -7.157881454574431 0.5
color 0.4 0.4 0.4
sphere 0.0 7.599999999999992 -4.0 1.0
color 0.4 0.4 0.4
sphere 0.0 -3.5 -4.0 2.0

plane 0 1 0 3
plane 0 0 1 8

color .6 .7 .8
sun 1 1 .5
color .4 .3 .2
sun -.5 1 0

color 1 0 0

color 0 1 0

color 0 0 1

color .4 .4 .4

color 1.0 0.0 0.0
sphere -1.8470362867948564 1.9742380877382149 -6.288691635854616 1.0
color 0.0 1.0 0.0
sphere -2.147710944427931 -1.4017611816851339 -6.269036025610396 0.5
color 0.0 0.0 1.0
sphere 0.7160375620280544 3.8755570161168635 -7.157881454574431 0.5
color 0.4 0.4 0.4
sphere 0.0 7.599999999999992 -4.0 1.0
color 0.4 0.4 0.4
sphere 0.0 -3.5 -4.0 2.0

plane 0 1 0 3
plane 0 0 1 8

color .6 .7 .8
sun 1 1 .5
color .4 .3 .2
sun -.5 1 0

color 1 0 0

color 0 1 0

color 0 0 1

color .4 .4 .4

color 1.0 0.0 0.0
sphere -1.8470362867948564 1.9742380877382149 -6.288691635854616 1.0
color 0.0 1.0 0.0
sphere -2.147710944427931 -1.4017611816851339 -6.269036025610396 0.5
color 0.0 0.0 1.0
sphere 0.7160375620280544 3.8755570161168635 -7.157881454574431 0.5
color 0.4 0.4 0.4
sphere 0.0 7.599999999999992 -4.0 1.0
color 0.4 0.4 0.4
sphere 0.0 -3.5 -4.0 2.0
