png 200 200 hw5springball-038.png

fps 8


plane 0 1 0 3

color 1 1 1
sun 1 1 1

color 1 0 0

color 0 0.6 0

color 0 0.3 1
color 1.0 0.0 0.0
sphere -0.995323690348333 1.298505957060177 -4.0 0.5
color 0.0 0.6 0.0
sphere -0.04128027656919748 1.5981743815307123 -4.0 0.5
color 0.0 0.3 1.0
sphere 1.9885888704233623 -1.465899519603566 -4.0 0.5

fps 8


plane 0 1 0 3

color 1 1 1
sun 1 1 1

color 1 0 0

color 0 0.6 0

color 0 0.3 1
color 1.0 0.0 0.0
sphere -0.995323690348333 1.298505957060177 -4.0 0.5
color 0.0 0.6 0.0
sphere -0.04128027656919748 1.5981743815307123 -4.0 0.5
color 0.0 0.3 1.0
sphere 1.9885888704233623 -1.465899519603566 -4.0 0.5

fps 8


plane 0 1 0 3

color 1 1 1
sun 1 1 1

color 1 0 0

color 0 0.6 0

color 0 0.3 1
color 1.0 0.0 0.0
sphere -0.995323690348333 1.298505957060177 -4.0 0.5
color 0.0 0.6 0.0
sphere -0.04128027656919748 1.5981743815307123 -4.0 0.5
color 0.0 0.3 1.0
sphere 1.9885888704233623 -1.465899519603566 -4.0 0.5

fps 8


plane 0 1 0 3

color 1 1 1
sun 1 1 1

color 1 0 0

color 0 0.6 0

color 0 0.3 1
color 1.0 0.0 0.0
sphere -0.995323690348333 1.298505957060177 -4.0 0.5
color 0.0 0.6 0.0
sphere -0.04128027656919748 1.5981743815307123 -4.0 0.5
color 0.0 0.3 1.0
sphere 1.9885888704233623 -1.465899519603566 -4.0 0.5

fps 8


plane 0 1 0 3

color 1 1 1
sun 1 1 1

color 1 0 0

color 0 0.6 0

color 0 0.3 1
color 1.0 0.0 0.0
sphere -0.995323690348333 1.298505957060177 -4.0 0.5
color 0.0 0.6 0.0
sphere -0.04128027656919748 1.5981743815307123 -4.0 0.5
color 0.0 0.3 1.0
sphere 1.9885888704233623 -1.465899519603566 -4.0 0.5

fps 8


plane 0 1 0 3

color 1 1 1
sun 1 1 1

color 1 0 0

color 0 0.6 0

color 0 0.3 1
color 1.0 0.0 0.0
sphere -0.995323690348333 1.298505957060177 -4.0 0.5
color 0.0 0.6 0.0
sphere -0.04128027656919748 1.5981743815307123 -4.0 0.5
color 0.0 0.3 1.0
sphere 1.9885888704233623 -1.465899519603566 -4.0 0.5
