png 200 200 hw5springradius-044.png

fps 8


plane 0 1 0 3

color 1 1 1
sun 1 1 1

color 1 0 0

color 0 0.6 0

color 0 0.3 1
color 1.0 0.0 0.0
sphere 1.5468039826643514 2.208262243077195 -4.0 0.5
color 0.0 0.6 0.0
sphere -1.4999999999999998 0.7762171495615552 -4.0 1.5
color 0.0 0.3 1.0
sphere 0.004531897875210689 -2.75 -4.0 0.25

fps 8


plane 0 1 0 3

color 1 1 1
sun 1 1 1

color 1 0 0

color 0 0.6 0

color 0 0.3 1
color 1.0 0.0 0.0
sphere 1.5468039826643514 2.208262243077195 -4.0 0.5
color 0.0 0.6 0.0
sphere -1.4999999999999998 0.7762171495615552 -4.0 1.5
color 0.0 0.3 1.0
sphere 0.004531897875210689 -2.75 -4.0 0.25

fps 8


plane 0 1 0 3

color 1 1 1
sun 1 1 1

color 1 0 0

color 0 0.6 0

color 0 0.3 1
color 1.0 0.0 0.0
sphere 0.31613585663879307 2.0496486526340196 -4.0 0.5
color 0.0 0.6 0.0
sphere 0.36998880162845676 -1.5 -4.0 1.5
color 0.0 0.3 1.0
sphere -1.7997040720360753 -2.75 -4.0 0.25
