png 200 200 hw5springanchor-018.png

plane 0 1 0 3
plane 0 0 1 8

color .6 .7 .8
sun 1 1 .5
color .4 .3 .2
sun -.5 1 0

color 1 0 0

color 0 1 0

color 0 0 1

color .4 .4 .4

color 1.0 0.0 0.0
sphere 0.0 2.7000000000000015 -4.0 1.0
color 0.0 1.0 0.0
sphere 2.3443535316310653 2.553513610687441 -4.0 0.5
color 0.0 0.0 1.0
sphere 0.7032707596070635 -0.1445835587787197 -4.648111351208886 0.5
color 0.4 0.4 0.4
sphere 0.0 -1.6999999999999984 -4.0 1.0
color 0.4 0.4 0.4
sphere 0.0 -3.5 -4.0 2.0

plane 0 1 0 3
plane 0 0 1 8

color .6 .7 .8
sun 1 1 .5
color .4 .3 .2
sun -.5 1 0

color 1 0 0

color 0 1 0

color 0 0 1

color .4 .4 .4

color 1.0 0.0 0.0
sphere 0.0 2.7000000000000015 -4.0 1.0
color 0.0 1.0 0.0
sphere 2.3443535316310653 2.553513610687441 -4.0 0.5
color 0.0 0.0 1.0
sphere 0.7032707596070635 -0.1445835587787197 -4.648111351208886 0.5
color 0.4 0.4 0.4
sphere 0.0 -1.6999999999999984 -4.0 1.0
color 0.4 0.4 0.4
sphere 0.0 -3.5 -4.0 2.0

plane 0 1 0 3
plane 0 0 1 8

color .6 .7 .8
sun 1 1 .5
color .4 .3 .2
sun -.5 1 0

color 1 0 0

color 0 1 0


plane 0 1 0 3
plane 0 0 1 8

color .6 .7 .8
sun 1 1 .5
color .4 .3 .2
sun -.5 1 0

color 1 0 0

color 0 1 0

color 0 0 1

color .4 .4 .4

color 1.0 0.0 0.0
sphere 0.0 2.7000000000000015 -4.0 1.0
color 0.0 1.0 0.0
sphere 2.3443535316310653 2.553513610687441 -4.0 0.5
color 0.0 0.0 1.0
sphere 0.7032707596070635 -0.1445835587787197 -4.648111351208886 0.5
color 0.4 0.4 0.4
sphere 0.0 -1.6999999999999984 -4.0 1.0
color 0.4 0.4 0.4
sphere 0.0 -3.5 -4.0 2.0

plane 0 1 0 3
plane 0 0 1 8

color .6 .7 .8
sun 1 1 .5
color .4 .3 .2
sun -.5 1 0

color 1 0 0

color 0 1 0

color 0 0 1

color .4 .4 .4

color 1.0 0.0 0.0
sphere 0.0 2.7000000000000015 -4.0 1.0
color 0.0 1.0 0.0
sphere 2.3443535316310653 2.553513610687441 -4.0 0.5
color 0.0 0.0 1.0
sphere 0.7032707596070635 -0.1445835587787197 -4.648111351208886 0.5
color 0.4 0.4 0.4
sphere 0.0 -1.6999999999999984 -4.0 1.0
color 0.4 0.4 0.4
sphere 0.0 -3.5 -4.0 2.0

plane 0 1 0 3
plane 0 0 1 8

color .6 .7 .8
sun 1 1 .5
color .4 .3 .2
sun -.5 1 0

color 1 0 0

color 0 1 0

color 0 0 1

color .4 .4 .4

color 1.0 0.0 0.0
sphere 0.0 2.7000000000000015 -4.0 1.0
color 0.0 1.0 0.0
sphere 2.3443535316310653 2.553513610687441 -4.0 0.5
color 0.0 0.0 1.0
sphere 0.7032707596070635 -0.1445835587787197 -4.648111351208886 0.5
color 0.4 0.4 0.4
sphere 0.0 -1.6999999999999984 -4.0 1.0
color 0.4 0.4 0.4
sphere 0.0 -3.5 -4.0 2.0

plane 0 1 0 3
plane 0 0 1 8

color .6 .7 .8
sun 1 1 .5
color .4 .3 .2
sun -.5 1 0

color 1 0 0

color 0 1 0

color 0 0 1

color .4 .4 .4

color 1.0 0.0 0.0
sphere 0.0 2.7000000000000015 -4.0 1.0
color 0.0 1.0 0.0
sphere 2.3443535316310653 2.553513610687441 -4.0 0.5
color 0.0 0.0 1.0
sphere 0.7032707596070635 -0.1445835587787197 -4.648111351208886 0.5
color 0.4 0.4 0.4
sphere 0.0 -1.6999999999999984 -4.0 1.0
color 0.4 0.4 0.4
sphere 0.0 -3.5 -4.0 2.0

plane 0 1 0 3
plane 0 0 1 8

color .6 .7 .8
sun 1 1 .5
color .4 .3 .2
sun -.5 1 0

color 1 0 0

color 0 1 0

color 0 0 1

color .4 .4 .4

color 1.0 0.0 0.0
sphere 0.0 2.7000000000000015 -4.0 1.0
color 0.0 1.0 0.0
sphere 2.3443535316310653 2.553513610687441 -4.0 0.5
color 0.0 0.0 1.0
sphere 0.7032707596070635 -0.1445835587787197 -4.648111351208886 0.5
color 0.4 0.4 0.4
sphere 0.0 -1.6999999999999984 -4.0 1.0
color 0.4 0.4 0.4
sphere 0.0 -3.5 -4.0 2.0
