png 200 200 hw5springanchor-027.png

plane 0 1 0 3
plane 0 0 1 8

color .6 .7 .8
sun 1 1 .5
color .4 .3 .2
sun -.5 1 0

color 1 0 0

color 0 1 0

color 0 0 1

color .4 .4 .4

color 1.0 0.0 0.0
sphere -0.5786002270571421 2.6834688956880997 -4.0 1.0
color 0.0 1.0 0.0
sphere 1.5221355433677952 2.3407507695260037 -4.0 0.5
color 0.0 0.0 1.0
sphere 1.5433748002148908 -0.6712684957699131 -7.141981441465186 0.5
color 0.4 0.4 0.4
sphere 0.0 -0.7999999999999979 -4.0 1.0
color 0.4 0.4 0.4
sphere 0.0 -3.5 -4.0 2.0

plane 0 1 0 3
plane 0 0 1 8

color .6 .7 .8
sun 1 1 .5
color .4 .3 .2
sun -.5 1 0

color 1 0 0

color 0 1 0

color 0 0 1

color .4 .4 .4

color 1.0 0.0 0.0
sphere -0.5786002270571421 2.6834688956880997 -4.0 1.0
color 0.0 1.0 0.0
sphere 1.5221355433677952 2.3407507695260037 -4.0 0.5
color 0.0 0.0 1.0
sphere 1.5433748002148908 -0.6712684957699131 -7.141981441465186 0.5
color 0.4 0.4 0.4
sphere 0.0 -0.7999999999999979 -4.0 1.0
color 0.4 0.4 0.4
sphere 0.0 -3.5 -4.0 2.0

plane 0 1 0 3
plane 0 0 1 8

color .6 .7 .8
sun 1 1 .5
color .4 .3 .2
sun -.5 1 0

color 1 0 0

color 0 1 0


plane 0 1 0 3
plane 0 0 1 8

color .6 .7 .8
sun 1 1 .5
color .4 .3 .2
sun -.5 1 0

color 1 0 0

color 0 1 0

color 0 0 1

color .4 .4 .4

color 1.0 0.0 0.0
sphere -0.5786002270571421 2.6834688956880997 -4.0 1.0
color 0.0 1.0 0.0
sphere 1.5221355433677952 2.3407507695260037 -4.0 0.5
color 0.0 0.0 1.0
sphere 1.5433748002148908 -0.6712684957699131 -7.141981441465186 0.5
color 0.4 0.4 0.4
sphere 0.0 -0.7999999999999979 -4.0 1.0
color 0.4 0.4 0.4
sphere 0.0 -3.5 -4.0 2.0

plane 0 1 0 3
plane 0 0 1 8

color .6 .7 .8
sun 1 1 .5
color .4 .3 .2
sun -.5 1 0

color 1 0 0

color 0 1 0

color 0 0 1

color .4 .4 .4

color 1.0 0.0 0.0
sphere -0.5786002270571421 2.6834688956880997 -4.0 1.0
color 0.0 1.0 0.0
sphere 1.5221355433677952 2.3407507695260037 -4.0 0.5
color 0.0 0.0 1.0
sphere 1.5433748002148908 -0.6712684957699131 -7.141981441465186 0.5
color 0.4 0.4 0.4
sphere 0.0 -0.7999999999999979 -4.0 1.0
color 0.4 0.4 0.4
sphere 0.0 -3.5 -4.0 2.0

plane 0 1 0 3
plane 0 0 1 8

color .6 .7 .8
sun 1 1 .5
color .4 .3 .2
sun -.5 1 0

color 1 0 0

color 0 1 0

color 0 0 1

color .4 .4 .4

color 1.0 0.0 0.0
sphere -0.5786002270571421 2.6834688956880997 -4.0 1.0
color 0.0 1.0 0.0
sphere 1.5221355433677952 2.3407507695260037 -4.0 0.5
color 0.0 0.0 1.0
sphere 1.5433748002148908 -0.6712684957699131 -7.141981441465186 0.5
color 0.4 0.4 0.4
sphere 0.0 -0.7999999999999979 -4.0 1.0
color 0.4 0.4 0.4
sphere 0.0 -3.5 -4.0 2.0

plane 0 1 0 3
plane 0 0 1 8

color .6 .7 .8
sun 1 1 .5
color .4 .3 .2
sun -.5 1 0

color 1 0 0

color 0 1 0

color 0 0 1

color .4 .4 .4

color 1.0 0.0 0.0
sphere -0.5786002270571421 2.6834688956880997 -4.0 1.0
color 0.0 1.0 0.0
sphere 1.5221355433677952 2.3407507695260037 -4.0 0.5
color 0.0 0.0 1.0
sphere 1.5433748002148908 -0.6712684957699131 -7.141981441465186 0.5
color 0.4 0.4 0.4
sphere 0.0 -0.7999999999999979 -4.0 1.0
color 0.4 0.4 0.4
sphere 0.0 -3.5 -4.0 2.0

plane 0 1 0 3
plane 0 0 1 8

color .6 .7 .8
sun 1 1 .5
color .4 .3 .2
sun -.5 1 0

color 1 0 0

color 0 1 0

color 0 0 1

color .4 .4 .4

color 1.0 0.0 0.0
sphere -0.5786002270571421 2.6834688956880997 -4.0 1.0
color 0.0 1.0 0.0
sphere 1.5221355433677952 2.3407507695260037 -4.0 0.5
color 0.0 0.0 1.0
sphere 1.5433748002148908 -0.6712684957699131 -7.141981441465186 0.5
color 0.4 0.4 0.4
sphere 0.0 -0.7999999999999979 -4.0 1.0
color 0.4 0.4 0.4
sphere 0.0 -3.5 -4.0 2.0
