png 200 200 hw5springanchor-118.png

plane 0 1 0 3
plane 0 0 1 8

color .6 .7 .8
sun 1 1 .5
color .4 .3 .2
sun -.5 1 0

color 1 0 0

color 0 1 0

color 0 0 1

color .4 .4 .4

color 1.0 0.0 0.0
sphere -1.4215084124086246 -0.534687844020951 -5.577383271709231 1.0
color 0.0 1.0 0.0
sphere -2.5 -1.9249279134024089 -6.838480131407253 0.5
color 0.0 0.0 1.0
sphere -0.3424418276360877 7.090566272361465 -4.818537508691958 0.5
color 0.4 0.4 0.4
sphere 0.0 8.29999999999999 -4.0 1.0
color 0.4 0.4 0.4
sphere 0.0 -3.5 -4.0 2.0

plane 0 1 0 3
plane 0 0 1 8

color .6 .7 .8
sun 1 1 .5
color .4 .3 .2
sun -.5 1 0

color 1 0 0

color 0 1 0

color 0 0 1

color .4 .4 .4

color 1.0 0.0 0.0
sphere -1.4215084124086246 -0.534687844020951 -5.577383271709231 1.0
color 0.0 1.0 0.0
sphere -2.5 -1.9249279134024089 -6.838480131407253 0.5
color 0.0 0.0 1.0
sphere -0.3424418276360877 7.090566272361465 -4.818537508691958 0.5
color 0.4 0.4 0.4
sphere 0.0 8.29999999999999 -4.0 1.0
color 0.4 0.4 0.4
sphere 0.0 -3.5 -4.0 2.0

plane 0 1 0 3
plane 0 0 1 8

color .6 .7 .8
sun 1 1 .5
color .4 .3 .2
sun -.5 1 0

color 1 0 0

color 0 1 0

plane 0 1 0 3
plane 0 0 1 8

color .6 .7 .8
sun 1 1 .5
color .4 .3 .2
sun -.5 1 0

color 1 0 0

color 0 1 0

color 0 0 1

color .4 .4 .4

color 1.0 0.0 0.0
sphere -1.4215084124086246 -0.534687844020951 -5.577383271709231 1.0
color 0.0 1.0 0.0
sphere -2.5 -1.9249279134024089 -6.838480131407253 0.5
color 0.0 0.0 1.0
sphere -0.3424418276360877 7.090566272361465 -4.818537508691958 0.5
color 0.4 0.4 0.4
sphere 0.0 8.29999999999999 -4.0 1.0
color 0.4 0.4 0.4
sphere 0.0 -3.5 -4.0 2.0

plane 0 1 0 3
plane 0 0 1 8

color .6 .7 .8
sun 1 1 .5
color .4 .3 .2
sun -.5 1 0

color 1 0 0

color 0 1 0

color 0 0 1

color .4 .4 .4

color 1.0 0.0 0.0
sphere -1.4215084124086246 -0.534687844020951 -5.577383271709231 1.0
color 0.0 1.0 0.0
sphere -2.5 -1.9249279134024089 -6.838480131407253 0.5
color 0.0 0.0 1.0
sphere -0.3424418276360877 7.090566272361465 -4.818537508691958 0.5
color 0.4 0.4 0.4
sphere 0.0 8.29999999999999 -4.0 1.0
color 0.4 0.4 0.4
sphere 0.0 -3.5 -4.0 2.0

plane 0 1 0 3
plane 0 0 1 8

color .6 .7 .8
sun 1 1 .5
color .4 .3 .2
sun -.5 1 0

color 1 0 0

color 0 1 0

color 0 0 1

color .4 .4 .4

color 1.0 0.0 0.0
sphere -1.4215084124086246 -0.534687844020951 -5.577383271709231 1.0
color 0.0 1.0 0.0
sphere -2.5 -1.9249279134024089 -6.838480131407253 0.5
color 0.0 0.0 1.0
sphere -0.3424418276360877 7.090566272361465 -4.818537508691958 0.5
color 0.4 0.4 0.4
sphere 0.0 8.29999999999999 -4.0 1.0
color 0.4 0.4 0.4
sphere 0.0 -3.5 -4.0 2.0

plane 0 1 0 3
plane 0 0 1 8

color .6 .7 .8
sun 1 1 .5
color .4 .3 .2
sun -.5 1 0

color 1 0 0

color 0 1 0

color 0 0 1

color .4 .4 .4

color 1.0 0.0 0.0
sphere -1.4215084124086246 -0.534687844020951 -5.577383271709231 1.0
color 0.0 1.0 0.0
sphere -2.5 -1.9249279134024089 -6.838480131407253 0.5
color 0.0 0.0 1.0
sphere -0.3424418276360877 7.090566272361465 -4.818537508691958 0.5
color 0.4 0.4 0.4
sphere 0.0 8.29999999999999 -4.0 1.0
color 0.4 0.4 0.4
sphere 0.0 -3.5 -4.0 2.0

plane 0 1 0 3
plane 0 0 1 8

color .6 .7 .8
sun 1 1 .5
color .4 .3 .2
sun -.5 1 0

color 1 0 0

color 0 1 0

color 0 0 1

color .4 .4 .4

color 1.0 0.0 0.0
sphere -1.4215084124086246 -0.534687844020951 -5.577383271709231 1.0
color 0.0 1.0 0.0
sphere -2.5 -1.9249279134024089 -6.838480131407253 0.5
color 0.0 0.0 1.0
sphere -0.3424418276360877 7.090566272361465 -4.818537508691958 0.5
color 0.4 0.4 0.4
sphere 0.0 8.29999999999999 -4.0 1.0
color 0.4 0.4 0.4
sphere 0.0 -3.5 -4.0 2.0
