png 200 200 hw5springball-043.png

fps 8


plane 0 1 0 3

color 1 1 1
sun 1 1 1

color 1 0 0

color 0 0.6 0

color 0 0.3 1
color 1.0 0.0 0.0
sphere -2.5 -1.179943784055256 -4.0 0.5
color 0.0 0.6 0.0
sphere 0.08868908715095346 -1.631042136763397 -4.0 0.5
color 0.0 0.3 1.0
sphere 1.6022822259153275 0.7046028823786049 -4.0 0.5

fps 8


plane 0 1 0 3

color 1 1 1
sun 1 1 1

color 1 0 0

color 0 0.6 0

color 0 0.3 1
color 1.0 0.0 0.0
sphere -2.5 -1.179943784055256 -4.0 0.5
color 0.0 0.6 0.0
sphere 0.08868908715095346 -1.631042136763397 -4.0 0.5
color 0.0 0.3 1.0
sphere 1.6022822259153275 0.7046028823786049 -4.0 0.5

fps 8


plane 0 1 0 3

color 1 1 1
sun 1 1 1

color 1 0 0

color 0 0.6 0

color 0 0.3 1
color 1.0 0.0 0.0
sphere -2.5 -1.179943784055256 -4.0 0.5
color 0.0 0.6 0.0
sphere 0.08868908715095346 -1.631042136763397 -4.0 0.5
color 0.0 0.3 1.0
sphere 1.6022822259153275 0.7046028823786049 -4.0 0.5

fps 8


plane 0 1 0 3

color 1 1 1
sun 1 1 1

color 1 0 0

color 0 0.6 0

color 0 0.3 1
color 1.0 0.0 0.0
sphere -2.5 -1.179943784055256 -4.0 0.5
color 0.0 0.6 0.0
sphere 0.08868908715095346 -1.631042136763397 -4.0 0.5
color 0.0 0.3 1.0
sphere 1.6022822259153275 0.7046028823786049 -4.0 0.5

fps 8


plane 0 1 0 3

color 1 1 1
sun 1 1 1

color 1 0 0

color 0 0.6 0

color 0 0.3 1
color 1.0 0.0 0.0
sphere -2.5 -1.179943784055256 -4.0 0.5
color 0.0 0.6 0.0
sphere 0.08868908715095346 -1.631042136763397 -4.0 0.5
color 0.0 0.3 1.0
sphere 1.6022822259153275 0.7046028823786049 -4.0 0.5

fps 8


plane 0 1 0 3

color 1 1 1
sun 1 1 1

color 1 0 0

color 0 0.6 0

color 0 0.3 1
color 1.0 0.0 0.0
sphere -2.5 -1.179943784055256 -4.0 0.5
color 0.0 0.6 0.0
sphere 0.08868908715095346 -1.631042136763397 -4.0 0.5
color 0.0 0.3 1.0
sphere 1.6022822259153275 0.7046028823786049 -4.0 0.5
