png 200 200 hw5springanchor-085.png

plane 0 1 0 3
plane 0 0 1 8

color .6 .7 .8
sun 1 1 .5
color .4 .3 .2
sun -.5 1 0

color 1 0 0

color 0 1 0

color 0 0 1

color .4 .4 .4

color 1.0 0.0 0.0
sphere -1.23681579030775 1.4576326865641394 -3.0 1.0
color 0.0 1.0 0.0
sphere 2.268835711645168 0.304383855895568 -4.761705823729616 0.5
color 0.0 0.0 1.0
sphere -0.046515151759389584 -1.0906688288742281 -6.588103622682373 0.5
color 0.4 0.4 0.4
sphere 0.0 5.000000000000001 -4.0 1.0
color 0.4 0.4 0.4
sphere 0.0 -3.5 -4.0 2.0

plane 0 1 0 3
plane 0 0 1 8

color .6 .7 .8
sun 1 1 .5
color .4 .3 .2
sun -.5 1 0

color 1 0 0

color 0 1 0

color 0 0 1

color .4 .4 .4

color 1.0 0.0 0.0
sphere -1.23681579030775 1.4576326865641394 -3.0 1.0
color 0.0 1.0 0.0
sphere 2.268835711645168 0.304383855895568 -4.761705823729616 0.5
color 0.0 0.0 1.0
sphere -0.046515151759389584 -1.0906688288742281 -6.588103622682373 0.5
color 0.4 0.4 0.4
sphere 0.0 5.000000000000001 -4.0 1.0
color 0.4 0.4 0.4
sphere 0.0 -3.5 -4.0 2.0

plane 0 1 0 3
plane 0 0 1 8

color .6 .7 .8
sun 1 1 .5
color .4 .3 .2
sun -.5 1 0

color 1 0 0

color 0 1 0

plane 0 1 0 3
plane 0 0 1 8

color .6 .7 .8
sun 1 1 .5
color .4 .3 .2
sun -.5 1 0

color 1 0 0

color 0 1 0

color 0 0 1

color .4 .4 .4

color 1.0 0.0 0.0
sphere -1.23681579030775 1.4576326865641394 -3.0 1.0
color 0.0 1.0 0.0
sphere 2.268835711645168 0.304383855895568 -4.761705823729616 0.5
color 0.0 0.0 1.0
sphere -0.046515151759389584 -1.0906688288742281 -6.588103622682373 0.5
color 0.4 0.4 0.4
sphere 0.0 5.000000000000001 -4.0 1.0
color 0.4 0.4 0.4
sphere 0.0 -3.5 -4.0 2.0

plane 0 1 0 3
plane 0 0 1 8

color .6 .7 .8
sun 1 1 .5
color .4 .3 .2
sun -.5 1 0

color 1 0 0

color 0 1 0

color 0 0 1

color .4 .4 .4

color 1.0 0.0 0.0
sphere -1.23681579030775 1.4576326865641394 -3.0 1.0
color 0.0 1.0 0.0
sphere 2.268835711645168 0.304383855895568 -4.761705823729616 0.5
color 0.0 0.0 1.0
sphere -0.046515151759389584 -1.0906688288742281 -6.588103622682373 0.5
color 0.4 0.4 0.4
sphere 0.0 5.000000000000001 -4.0 1.0
color 0.4 0.4 0.4
sphere 0.0 -3.5 -4.0 2.0

plane 0 1 0 3
plane 0 0 1 8

color .6 .7 .8
sun 1 1 .5
color .4 .3 .2
sun -.5 1 0

color 1 0 0

color 0 1 0

color 0 0 1

color .4 .4 .4

color 1.0 0.0 0.0
sphere -1.23681579030775 1.4576326865641394 -3.0 1.0
color 0.0 1.0 0.0
sphere 2.268835711645168 0.304383855895568 -4.761705823729616 0.5
color 0.0 0.0 1.0
sphere -0.046515151759389584 -1.0906688288742281 -6.588103622682373 0.5
color 0.4 0.4 0.4
sphere 0.0 5.000000000000001 -4.0 1.0
color 0.4 0.4 0.4
sphere 0.0 -3.5 -4.0 2.0

plane 0 1 0 3
plane 0 0 1 8

color .6 .7 .8
sun 1 1 .5
color .4 .3 .2
sun -.5 1 0

color 1 0 0

color 0 1 0

color 0 0 1

color .4 .4 .4

color 1.0 0.0 0.0
sphere -1.23681579030775 1.4576326865641394 -3.0 1.0
color 0.0 1.0 0.0
sphere 2.268835711645168 0.304383855895568 -4.761705823729616 0.5
color 0.0 0.0 1.0
sphere -0.046515151759389584 -1.0906688288742281 -6.588103622682373 0.5
color 0.4 0.4 0.4
sphere 0.0 5.000000000000001 -4.0 1.0
color 0.4 0.4 0.4
sphere 0.0 -3.5 -4.0 2.0

plane 0 1 0 3
plane 0 0 1 8

color .6 .7 .8
sun 1 1 .5
color .4 .3 .2
sun -.5 1 0

color 1 0 0

color 0 1 0

color 0 0 1

color .4 .4 .4

color 1.0 0.0 0.0
sphere -1.23681579030775 1.4576326865641394 -3.0 1.0
color 0.0 1.0 0.0
sphere 2.268835711645168 0.304383855895568 -4.761705823729616 0.5
color 0.0 0.0 1.0
sphere -0.046515151759389584 -1.0906688288742281 -6.588103622682373 0.5
color 0.4 0.4 0.4
sphere 0.0 5.000000000000001 -4.0 1.0
color 0.4 0.4 0.4
sphere 0.0 -3.5 -4.0 2.0
