png 200 200 hw5springanchor-083.png

plane 0 1 0 3
plane 0 0 1 8

color .6 .7 .8
sun 1 1 .5
color .4 .3 .2
sun -.5 1 0

color 1 0 0

color 0 1 0

color 0 0 1

color .4 .4 .4

color 1.0 0.0 0.0
sphere -0.006155331402237785 0.14163170520211815 -3.9453003437286203 1.0
color 0.0 1.0 0.0
sphere 1.7203398004467652 -0.085091391582175 -3.9575825043103934 0.5
color 0.0 0.0 1.0
sphere -1.0279090910556339 -1.595334414437114 -6.428040229390139 0.5
color 0.4 0.4 0.4
sphere 0.0 4.800000000000002 -4.0 1.0
color 0.4 0.4 0.4
sphere 0.0 -3.5 -4.0 2.0

plane 0 1 0 3
plane 0 0 1 8

color .6 .7 .8
sun 1 1 .5
color .4 .3 .2
sun -.5 1 0

color 1 0 0

color 0 1 0

color 0 0 1

color .4 .4 .4

color 1.0 0.0 0.0
sphere -0.006155331402237785 0.14163170520211815 -3.9453003437286203 1.0
color 0.0 1.0 0.0
sphere 1.7203398004467652 -0.085091391582175 -3.9575825043103934 0.5
color 0.0 0.0 1.0
sphere -1.0279090910556339 -1.595334414437114 -6.428040229390139 0.5
color 0.4 0.4 0.4
sphere 0.0 4.800000000000002 -4.0 1.0
color 0.4 0.4 0.4
sphere 0.0 -3.5 -4.0 2.0

plane 0 1 0 3
plane 0 0 1 8

color .6 .7 .8
sun 1 1 .5
color .4 .3 .2
sun -.5 1 0

color 1 0 0

color 0 1 0

plane 0 1 0 3
plane 0 0 1 8

color .6 .7 .8
sun 1 1 .5
color .4 .3 .2
sun -.5 1 0

color 1 0 0

color 0 1 0

color 0 0 1

color .4 .4 .4

color 1.0 0.0 0.0
sphere -0.006155331402237785 0.14163170520211815 -3.9453003437286203 1.0
color 0.0 1.0 0.0
sphere 1.7203398004467652 -0.085091391582175 -3.9575825043103934 0.5
color 0.0 0.0 1.0
sphere -1.0279090910556339 -1.595334414437114 -6.428040229390139 0.5
color 0.4 0.4 0.4
sphere 0.0 4.800000000000002 -4.0 1.0
color 0.4 0.4 0.4
sphere 0.0 -3.5 -4.0 2.0

plane 0 1 0 3
plane 0 0 1 8

color .6 .7 .8
sun 1 1 .5
color .4 .3 .2
sun -.5 1 0

color 1 0 0

color 0 1 0

color 0 0 1

color .4 .4 .4

color 1.0 0.0 0.0
sphere -0.006155331402237785 0.14163170520211815 -3.9453003437286203 1.0
color 0.0 1.0 0.0
sphere 1.7203398004467652 -0.085091391582175 -3.9575825043103934 0.5
color 0.0 0.0 1.0
sphere -1.0279090910556339 -1.595334414437114 -6.428040229390139 0.5
color 0.4 0.4 0.4
sphere 0.0 4.800000000000002 -4.0 1.0
color 0.4 0.4 0.4
sphere 0.0 -3.5 -4.0 2.0

plane 0 1 0 3
plane 0 0 1 8

color .6 .7 .8
sun 1 1 .5
color .4 .3 .2
sun -.5 1 0

color 1 0 0

color 0 1 0

color 0 0 1

color .4 .4 .4

color 1.0 0.0 0.0
sphere -0.006155331402237785 0.14163170520211815 -3.9453003437286203 1.0
color 0.0 1.0 0.0
sphere 1.7203398004467652 -0.085091391582175 -3.9575825043103934 0.5
color 0.0 0.0 1.0
sphere -1.0279090910556339 -1.595334414437114 -6.428040229390139 0.5
color 0.4 0.4 0.4
sphere 0.0 4.800000000000002 -4.0 1.0
color 0.4 0.4 0.4
sphere 0.0 -3.5 -4.0 2.0

plane 0 1 0 3
plane 0 0 1 8

color .6 .7 .8
sun 1 1 .5
color .4 .3 .2
sun -.5 1 0

color 1 0 0

color 0 1 0

color 0 0 1

color .4 .4 .4

color 1.0 0.0 0.0
sphere -0.006155331402237785 0.14163170520211815 -3.9453003437286203 1.0
color 0.0 1.0 0.0
sphere 1.7203398004467652 -0.085091391582175 -3.9575825043103934 0.5
color 0.0 0.0 1.0
sphere -1.0279090910556339 -1.595334414437114 -6.428040229390139 0.5
color 0.4 0.4 0.4
sphere 0.0 4.800000000000002 -4.0 1.0
color 0.4 0.4 0.4
sphere 0.0 -3.5 -4.0 2.0

plane 0 1 0 3
plane 0 0 1 8

color .6 .7 .8
sun 1 1 .5
color .4 .3 .2
sun -.5 1 0

color 1 0 0

color 0 1 0

color 0 0 1

color .4 .4 .4

color 1.0 0.0 0.0
sphere -0.006155331402237785 0.14163170520211815 -3.9453003437286203 1.0
color 0.0 1.0 0.0
sphere 1.7203398004467652 -0.085091391582175 -3.9575825043103934 0.5
color 0.0 0.0 1.0
sphere -1.0279090910556339 -1.595334414437114 -6.428040229390139 0.5
color 0.4 0.4 0.4
sphere 0.0 4.800000000000002 -4.0 1.0
color 0.4 0.4 0.4
sphere 0.0 -3.5 -4.0 2.0
