png 200 200 hw5springanchor-093.png

plane 0 1 0 3
plane 0 0 1 8

color .6 .7 .8
sun 1 1 .5
color .4 .3 .2
sun -.5 1 0

color 1 0 0

color 0 1 0

color 0 0 1

color .4 .4 .4

color 1.0 0.0 0.0
sphere 1.6919813767165364 2.7216366120122277 -4.513195549836366 1.0
color 0.0 1.0 0.0
sphere 0.5802643108055912 -2.1377151541934603 -7.09793834029039 0.5
color 0.0 0.0 1.0
sphere 1.518606060703756 -2.5 -7.228357195851307 0.5
color 0.4 0.4 0.4
sphere 0.0 5.799999999999998 -4.0 1.0
color 0.4 0.4 0.4
sphere 0.0 -3.5 -4.0 2.0

plane 0 1 0 3
plane 0 0 1 8

color .6 .7 .8
sun 1 1 .5
color .4 .3 .2
sun -.5 1 0

color 1 0 0

color 0 1 0

color 0 0 1

color .4 .4 .4

color 1.0 0.0 0.0
sphere 1.6919813767165364 2.7216366120122277 -4.513195549836366 1.0
color 0.0 1.0 0.0
sphere 0.5802643108055912 -2.1377151541934603 -7.09793834029039 0.5
color 0.0 0.0 1.0
sphere 1.518606060703756 -2.5 -7.228357195851307 0.5
color 0.4 0.4 0.4
sphere 0.0 5.799999999999998 -4.0 1.0
color 0.4 0.4 0.4
sphere 0.0 -3.5 -4.0 2.0

plane 0 1 0 3
plane 0 0 1 8

color .6 .7 .8
sun 1 1 .5
color .4 .3 .2
sun -.5 1 0

color 1 0 0

color 0 1 0

plane 0 1 0 3
plane 0 0 1 8

color .6 .7 .8
sun 1 1 .5
color .4 .3 .2
sun -.5 1 0

color 1 0 0

color 0 1 0

color 0 0 1

color .4 .4 .4

color 1.0 0.0 0.0
sphere 1.6919813767165364 2.7216366120122277 -4.513195549836366 1.0
color 0.0 1.0 0.0
sphere 0.5802643108055912 -2.1377151541934603 -7.09793834029039 0.5
color 0.0 0.0 1.0
sphere 1.518606060703756 -2.5 -7.228357195851307 0.5
color 0.4 0.4 0.4
sphere 0.0 5.799999999999998 -4.0 1.0
color 0.4 0.4 0.4
sphere 0.0 -3.5 -4.0 2.0

plane 0 1 0 3
plane 0 0 1 8

color .6 .7 .8
sun 1 1 .5
color .4 .3 .2
sun -.5 1 0

color 1 0 0

color 0 1 0

color 0 0 1

color .4 .4 .4

color 1.0 0.0 0.0
sphere 1.6919813767165364 2.7216366120122277 -4.513195549836366 1.0
color 0.0 1.0 0.0
sphere 0.5802643108055912 -2.1377151541934603 -7.09793834029039 0.5
color 0.0 0.0 1.0
sphere 1.518606060703756 -2.5 -7.228357195851307 0.5
color 0.4 0.4 0.4
sphere 0.0 5.799999999999998 -4.0 1.0
color 0.4 0.4 0.4
sphere 0.0 -3.5 -4.0 2.0

plane 0 1 0 3
plane 0 0 1 8

color .6 .7 .8
sun 1 1 .5
color .4 .3 .2
sun -.5 1 0

color 1 0 0

color 0 1 0

color 0 0 1

color .4 .4 .4

color 1.0 0.0 0.0
sphere 1.6919813767165364 2.7216366120122277 -4.513195549836366 1.0
color 0.0 1.0 0.0
sphere 0.5802643108055912 -2.1377151541934603 -7.09793834029039 0.5
color 0.0 0.0 1.0
sphere 1.518606060703756 -2.5 -7.228357195851307 0.5
color 0.4 0.4 0.4
sphere 0.0 5.799999999999998 -4.0 1.0
color 0.4 0.4 0.4
sphere 0.0 -3.5 -4.0 2.0

plane 0 1 0 3
plane 0 0 1 8

color .6 .7 .8
sun 1 1 .5
color .4 .3 .2
sun -.5 1 0

color 1 0 0

color 0 1 0

color 0 0 1

color .4 .4 .4

color 1.0 0.0 0.0
sphere 1.6919813767165364 2.7216366120122277 -4.513195549836366 1.0
color 0.0 1.0 0.0
sphere 0.5802643108055912 -2.1377151541934603 -7.09793834029039 0.5
color 0.0 0.0 1.0
sphere 1.518606060703756 -2.5 -7.228357195851307 0.5
color 0.4 0.4 0.4
sphere 0.0 5.799999999999998 -4.0 1.0
color 0.4 0.4 0.4
sphere 0.0 -3.5 -4.0 2.0

plane 0 1 0 3
plane 0 0 1 8

color .6 .7 .8
sun 1 1 .5
color .4 .3 .2
sun -.5 1 0

color 1 0 0

color 0 1 0

color 0 0 1

color .4 .4 .4

color 1.0 0.0 0.0
sphere 1.6919813767165364 2.7216366120122277 -4.513195549836366 1.0
color 0.0 1.0 0.0
sphere 0.5802643108055912 -2.1377151541934603 -7.09793834029039 0.5
color 0.0 0.0 1.0
sphere 1.518606060703756 -2.5 -7.228357195851307 0.5
color 0.4 0.4 0.4
sphere 0.0 5.799999999999998 -4.0 1.0
color 0.4 0.4 0.4
sphere 0.0 -3.5 -4.0 2.0
