png 200 200 hw5springball-035.png

fps 8


plane 0 1 0 3

color 1 1 1
sun 1 1 1

color 1 0 0

color 0 0.6 0

color 0 0.3 1
color 1.0 0.0 0.0
sphere -1.3323754886643981 1.8432589725165163 -4.0 0.5
color 0.0 0.6 0.0
sphere 1.2032816756508335 1.5511199248850718 -4.0 0.5
color 0.0 0.3 1.0
sphere 1.0908710963386898 -1.0069043235679067 -4.0 0.5

fps 8


plane 0 1 0 3

color 1 1 1
sun 1 1 1

color 1 0 0

color 0 0.6 0

color 0 0.3 1
color 1.0 0.0 0.0
sphere -1.3323754886643981 1.8432589725165163 -4.0 0.5
color 0.0 0.6 0.0
sphere 1.2032816756508335 1.5511199248850718 -4.0 0.5
color 0.0 0.3 1.0
sphere 1.0908710963386898 -1.0069043235679067 -4.0 0.5

fps 8


plane 0 1 0 3

color 1 1 1
sun 1 1 1

color 1 0 0

color 0 0.6 0

color 0 0.3 1
color 1.0 0.0 0.0
sphere -1.3323754886643981 1.8432589725165163 -4.0 0.5
color 0.0 0.6 0.0
sphere 1.2032816756508335 1.5511199248850718 -4.0 0.5
color 0.0 0.3 1.0
sphere 1.0908710963386898 -1.0069043235679067 -4.0 0.5

fps 8


plane 0 1 0 3

color 1 1 1
sun 1 1 1

color 1 0 0

color 0 0.6 0

color 0 0.3 1
color 1.0 0.0 0.0
sphere -1.3323754886643981 1.8432589725165163 -4.0 0.5
color 0.0 0.6 0.0
sphere 1.2032816756508335 1.5511199248850718 -4.0 0.5
color 0.0 0.3 1.0
sphere 1.0908710963386898 -1.0069043235679067 -4.0 0.5

fps 8


plane 0 1 0 3

color 1 1 1
sun 1 1 1

color 1 0 0

color 0 0.6 0

color 0 0.3 1
color 1.0 0.0 0.0
sphere -1.3323754886643981 1.8432589725165163 -4.0 0.5
color 0.0 0.6 0.0
sphere 1.2032816756508335 1.5511199248850718 -4.0 0.5
color 0.0 0.3 1.0
sphere 1.0908710963386898 -1.0069043235679067 -4.0 0.5

fps 8


plane 0 1 0 3

color 1 1 1
sun 1 1 1

color 1 0 0

color 0 0.6 0

color 0 0.3 1
color 1.0 0.0 0.0
sphere -1.3323754886643981 1.8432589725165163 -4.0 0.5
color 0.0 0.6 0.0
sphere 1.2032816756508335 1.5511199248850718 -4.0 0.5
color 0.0 0.3 1.0
sphere 1.0908710963386898 -1.0069043235679067 -4.0 0.5
