png 200 200 hw5springanchor-059.png

plane 0 1 0 3
plane 0 0 1 8

color .6 .7 .8
sun 1 1 .5
color .4 .3 .2
sun -.5 1 0

color 1 0 0

color 0 1 0

color 0 0 1

color .4 .4 .4

color 1.0 0.0 0.0
sphere -2.0 0.09400715231449101 -4.0 1.0
color 0.0 1.0 0.0
sphere -2.5 -1.4429478282352848 -4.0 0.5
color 0.0 0.0 1.0
sphere -1.4765794662348748 -1.7369445911398287 -5.57835469765956 0.5
color 0.4 0.4 0.4
sphere 0.0 2.400000000000003 -4.0 1.0
color 0.4 0.4 0.4
sphere 0.0 -3.5 -4.0 2.0

plane 0 1 0 3
plane 0 0 1 8

color .6 .7 .8
sun 1 1 .5
color .4 .3 .2
sun -.5 1 0

color 1 0 0

color 0 1 0

color 0 0 1

color .4 .4 .4

color 1.0 0.0 0.0
sphere -2.0 0.09400715231449101 -4.0 1.0
color 0.0 1.0 0.0
sphere -2.5 -1.4429478282352848 -4.0 0.5
color 0.0 0.0 1.0
sphere -1.4765794662348748 -1.7369445911398287 -5.57835469765956 0.5
color 0.4 0.4 0.4
sphere 0.0 2.400000000000003 -4.0 1.0
color 0.4 0.4 0.4
sphere 0.0 -3.5 -4.0 2.0

plane 0 1 0 3
plane 0 0 1 8

color .6 .7 .8
sun 1 1 .5
color .4 .3 .2
sun -.5 1 0

color 1 0 0

color 0 1 0


plane 0 1 0 3
plane 0 0 1 8

color .6 .7 .8
sun 1 1 .5
color .4 .3 .2
sun -.5 1 0

color 1 0 0

color 0 1 0

color 0 0 1

color .4 .4 .4

color 1.0 0.0 0.0
sphere -2.0 0.09400715231449101 -4.0 1.0
color 0.0 1.0 0.0
sphere -2.5 -1.4429478282352848 -4.0 0.5
color 0.0 0.0 1.0
sphere -1.4765794662348748 -1.7369445911398287 -5.57835469765956 0.5
color 0.4 0.4 0.4
sphere 0.0 2.400000000000003 -4.0 1.0
color 0.4 0.4 0.4
sphere 0.0 -3.5 -4.0 2.0

plane 0 1 0 3
plane 0 0 1 8

color .6 .7 .8
sun 1 1 .5
color .4 .3 .2
sun -.5 1 0

color 1 0 0

color 0 1 0

color 0 0 1

color .4 .4 .4

color 1.0 0.0 0.0
sphere -2.0 0.09400715231449101 -4.0 1.0
color 0.0 1.0 0.0
sphere -2.5 -1.4429478282352848 -4.0 0.5
color 0.0 0.0 1.0
sphere -1.4765794662348748 -1.7369445911398287 -5.57835469765956 0.5
color 0.4 0.4 0.4
sphere 0.0 2.400000000000003 -4.0 1.0
color 0.4 0.4 0.4
sphere 0.0 -3.5 -4.0 2.0

plane 0 1 0 3
plane 0 0 1 8

color .6 .7 .8
sun 1 1 .5
color .4 .3 .2
sun -.5 1 0

color 1 0 0

color 0 1 0

color 0 0 1

color .4 .4 .4

color 1.0 0.0 0.0
sphere -2.0 0.09400715231449101 -4.0 1.0
color 0.0 1.0 0.0
sphere -2.5 -1.4429478282352848 -4.0 0.5
color 0.0 0.0 1.0
sphere -1.4765794662348748 -1.7369445911398287 -5.57835469765956 0.5
color 0.4 0.4 0.4
sphere 0.0 2.400000000000003 -4.0 1.0
color 0.4 0.4 0.4
sphere 0.0 -3.5 -4.0 2.0

plane 0 1 0 3
plane 0 0 1 8

color .6 .7 .8
sun 1 1 .5
color .4 .3 .2
sun -.5 1 0

color 1 0 0

color 0 1 0

color 0 0 1

color .4 .4 .4

color 1.0 0.0 0.0
sphere -2.0 0.09400715231449101 -4.0 1.0
color 0.0 1.0 0.0
sphere -2.5 -1.4429478282352848 -4.0 0.5
color 0.0 0.0 1.0
sphere -1.4765794662348748 -1.7369445911398287 -5.57835469765956 0.5
color 0.4 0.4 0.4
sphere 0.0 2.400000000000003 -4.0 1.0
color 0.4 0.4 0.4
sphere 0.0 -3.5 -4.0 2.0

plane 0 1 0 3
plane 0 0 1 8

color .6 .7 .8
sun 1 1 .5
color .4 .3 .2
sun -.5 1 0

color 1 0 0

color 0 1 0

color 0 0 1

color .4 .4 .4

color 1.0 0.0 0.0
sphere -2.0 0.09400715231449101 -4.0 1.0
color 0.0 1.0 0.0
sphere -2.5 -1.4429478282352848 -4.0 0.5
color 0.0 0.0 1.0
sphere -1.4765794662348748 -1.7369445911398287 -5.57835469765956 0.5
color 0.4 0.4 0.4
sphere 0.0 2.400000000000003 -4.0 1.0
color 0.4 0.4 0.4
sphere 0.0 -3.5 -4.0 2.0
