png 200 200 hw5springradius-043.png

fps 8


plane 0 1 0 3

color 1 1 1
sun 1 1 1

color 1 0 0

color 0 0.6 0

color 0 0.3 1
color 1.0 0.0 0.0
sphere 1.3011206654834582 2.2524430184315114 -4.0 0.5
color 0.0 0.6 0.0
sphere -1.2996511021268293 0.8291299012587227 -4.0 1.5
color 0.0 0.3 1.0
sphere 0.27683902248981307 -2.5878188564494518 -4.0 0.25

fps 8


plane 0 1 0 3

color 1 1 1
sun 1 1 1

color 1 0 0

color 0 0.6 0

color 0 0.3 1
color 1.0 0.0 0.0
sphere 1.3011206654834582 2.2524430184315114 -4.0 0.5
color 0.0 0.6 0.0
sphere -1.2996511021268293 0.8291299012587227 -4.0 1.5
color 0.0 0.3 1.0
sphere 0.27683902248981307 -2.5878188564494518 -4.0 0.25

fps 8


plane 0 1 0 3

color 1 1 1
sun 1 1 1

color 1 0 0

color 0 0.6 0

color 0 0.3 1
color 1.0 0.0 0.0
sphere 0.16859464952702408 2.315320608317679 -4.0 0.5
color 0.0 0.6 0.0
sphere -0.05002847124086873 -1.5000000000000002 -4.0 1.5
color 0.0 0.3 1.0
sphere -1.5266523223942234 -2.5609172127539694 -4.0 0.25
