png 200 200 hw5springball-032.png

fps 8


plane 0 1 0 3

color 1 1 1
sun 1 1 1

color 1 0 0

color 0 0.6 0

color 0 0.3 1
color 1.0 0.0 0.0
sphere -1.721583659109599 0.571629486258258 -4.0 0.5
color 0.0 0.6 0.0
sphere 2.5 -0.2795520300459714 -4.0 0.5
color 0.0 0.3 1.0
sphere 0.19315332225401738 0.29539711762139553 -4.0 0.5

fps 8


plane 0 1 0 3

color 1 1 1
sun 1 1 1

color 1 0 0

color 0 0.6 0

color 0 0.3 1
color 1.0 0.0 0.0
sphere -1.721583659109599 0.571629486258258 -4.0 0.5
color 0.0 0.6 0.0
sphere 2.5 -0.2795520300459714 -4.0 0.5
color 0.0 0.3 1.0
sphere 0.19315332225401738 0.29539711762139553 -4.0 0.5

fps 8


plane 0 1 0 3

color 1 1 1
sun 1 1 1

color 1 0 0

color 0 0.6 0

color 0 0.3 1
color 1.0 0.0 0.0
sphere -1.721583659109599 0.571629486258258 -4.0 0.5
color 0.0 0.6 0.0
sphere 2.5 -0.2795520300459714 -4.0 0.5
color 0.0 0.3 1.0
sphere 0.19315332225401738 0.29539711762139553 -4.0 0.5

fps 8


plane 0 1 0 3

color 1 1 1
sun 1 1 1

color 1 0 0

color 0 0.6 0

color 0 0.3 1
color 1.0 0.0 0.0
sphere -1.721583659109599 0.571629486258258 -4.0 0.5
color 0.0 0.6 0.0
sphere 2.5 -0.2795520300459714 -4.0 0.5
color 0.0 0.3 1.0
sphere 0.19315332225401738 0.29539711762139553 -4.0 0.5

fps 8


plane 0 1 0 3

color 1 1 1
sun 1 1 1

color 1 0 0

color 0 0.6 0

color 0 0.3 1
color 1.0 0.0 0.0
sphere -1.721583659109599 0.571629486258258 -4.0 0.5
color 0.0 0.6 0.0
sphere 2.5 -0.2795520300459714 -4.0 0.5
color 0.0 0.3 1.0
sphere 0.19315332225401738 0.29539711762139553 -4.0 0.5

fps 8


plane 0 1 0 3

color 1 1 1
sun 1 1 1

color 1 0 0

color 0 0.6 0

color 0 0.3 1
color 1.0 0.0 0.0
sphere -1.721583659109599 0.571629486258258 -4.0 0.5
color 0.0 0.6 0.0
sphere 2.5 -0.2795520300459714 -4.0 0.5
color 0.0 0.3 1.0
sphere 0.19315332225401738 0.29539711762139553 -4.0 0.5
