png 200 200 hw5springradius-023.png

fps 8


plane 0 1 0 3

color 1 1 1
sun 1 1 1

color 1 0 0

color 0 0.6 0

color 0 0.3 1
color 1.0 0.0 0.0
sphere 2.451053729533839 -1.666901209167595 -4.0 0.5
color 0.0 0.6 0.0
sphere 0.8595563965889041 0.6334052574144657 -4.0 1.5
color 0.0 0.3 1.0
sphere 1.096538660135133 2.7129043684018477 -4.0 0.25

fps 8


plane 0 1 0 3

color 1 1 1
sun 1 1 1

color 1 0 0

color 0 0.6 0

color 0 0.3 1
color 1.0 0.0 0.0
sphere 2.451053729533839 -1.666901209167595 -4.0 0.5
color 0.0 0.6 0.0
sphere 0.8595563965889041 0.6334052574144657 -4.0 1.5
color 0.0 0.3 1.0
sphere 1.096538660135133 2.7129043684018477 -4.0 0.25

fps 8


plane 0 1 0 3

color 1 1 1
sun 1 1 1

color 1 0 0

color 0 0.6 0

color 0 0.3 1
color 1.0 0.0 0.0
sphere 1.9064240347189605 -1.4372180172216276 -4.0 0.5
color 0.0 0.6 0.0
sphere -0.7720454990526986 -0.9744638731648092 -4.0 1.5
color 0.0 0.3 1.0
sphere 0.16485336707774728 1.9748309319742716 -4.0 0.25
