png 200 200 hw5springmass-031.png

fps 8

color 1 1 1
sun 1 1 1



color 1.0 1.0 1.0
sphere -2.1000000000000005 2.0 -4.0 0.5
color 1.0 1.0 1.0
sphere 2.1000000000000005 2.0 -4.0 0.5
color 1.0 1.0 1.0
sphere -1.0333333333333337 0.0 -4.0 0.5
color 1.0 1.0 1.0
sphere 3.166666666666666 0.0 -4.0 0.5
color 1.0 1.0 1.0
sphere 0.518181818181818 -2.0 -4.0 0.5
color 1.0 1.0 1.0
sphere 4.718181818181819 -2.0 -4.0 0.5

fps 8

color 1 1 1
sun 1 1 1



color 1.0 1.0 1.0
sphere -2.1000000000000005 2.0 -4.0 0.5
color 1.0 1.0 1.0
sphere 2.1000000000000005 2.0 -4.0 0.5
color 1.0 1.0 1.0
sphere -1.0333333333333337 0.0 -4.0 0.5
color 1.0 1.0 1.0
sphere 3.166666666666666 0.0 -4.0 0.5
color 1.0 1.0 1.0
sphere 0.518181818181818 -2.0 -4.0 0.5
color 1.0 1.0 1.0
sphere 4.718181818181819 -2.0 -4.0 0.5
