png 200 200 hw5springradius-006.png

fps 8


plane 0 1 0 3

color 1 1 1
sun 1 1 1

color 1 0 0

color 0 0.6 0

color 0 0.3 1
color 1.0 0.0 0.0
sphere -1.3339676536409777 -1.1906689040790839 -4.0 0.5
color 0.0 0.6 0.0
sphere 0.7450789759748248 -0.944203099882588 -4.0 1.5
color 0.0 0.3 1.0
sphere 2.038246366336432 0.23487200396167104 -4.0 0.25

fps 8


plane 0 1 0 3

color 1 1 1
sun 1 1 1

color 1 0 0

color 0 0.6 0

color 0 0.3 1
color 1.0 0.0 0.0
sphere -1.3339676536409777 -1.1906689040790839 -4.0 0.5
color 0.0 0.6 0.0
sphere 0.7450789759748248 -0.944203099882588 -4.0 1.5
color 0.0 0.3 1.0
sphere 2.038246366336432 0.23487200396167104 -4.0 0.25

fps 8


plane 0 1 0 3

color 1 1 1
sun 1 1 1

color 1 0 0

color 0 0.6 0

color 0 0.3 1
color 1.0 0.0 0.0
sphere -1.346004842064023 -1.1876882576090833 -4.0 0.5
color 0.0 0.6 0.0
sphere 0.7548183431197578 -0.9497485456781735 -4.0 1.5
color 0.0 0.3 1.0
sphere 2.0405441876145445 0.23743680328725583 -4.0 0.25
