png 200 200 hw5springelastic-044.png

fps 8


plane 0 1 0 2

color 1 1 1
sun 1 2 1


color 1.0 1.0 1.0
sphere -1.6371010858290769 -0.8130295528901728 -4.0 0.49
color 1.0 1.0 1.0
sphere -2.351395150442791 -1.4837029277089557 -4.0 0.49
color 1.0 1.0 1.0
sphere -1.0119002512496382 -1.5100000000000002 -4.0 0.49
color 1.0 1.0 1.0
sphere -0.09530848723554158 -1.51 -4.0 0.49
color 1.0 1.0 1.0
sphere 0.6933069535002632 -1.1059909096543554 -4.0 0.49
color 1.0 1.0 1.0
sphere 2.4649711986315825 -1.4906250727217079 -4.0 0.49
color 1.0 1.0 1.0
sphere 1.493678339897205 -1.5099999999999998 -4.0 0.49
