png 200 200 hw5springball-026.png

fps 8


plane 0 1 0 3

color 1 1 1
sun 1 1 1

color 1 0 0

color 0 0.6 0

color 0 0.3 1
color 1.0 0.0 0.0
sphere -2.5 -0.5530528000114141 -4.0 0.5
color 0.0 0.6 0.0
sphere 0.16543105911835687 0.24933234109219657 -4.0 0.5
color 0.0 0.3 1.0
sphere -1.6022822259153275 -2.5 -4.0 0.5

fps 8


plane 0 1 0 3

color 1 1 1
sun 1 1 1

color 1 0 0

color 0 0.6 0

color 0 0.3 1
color 1.0 0.0 0.0
sphere -2.5 -0.5530528000114141 -4.0 0.5
color 0.0 0.6 0.0
sphere 0.16543105911835687 0.24933234109219657 -4.0 0.5
color 0.0 0.3 1.0
sphere -1.6022822259153275 -2.5 -4.0 0.5

fps 8


plane 0 1 0 3

color 1 1 1
sun 1 1 1

color 1 0 0

color 0 0.6 0

color 0 0.3 1
color 1.0 0.0 0.0
sphere -2.5 -0.5530528000114141 -4.0 0.5
color 0.0 0.6 0.0
sphere 0.16543105911835687 0.24933234109219657 -4.0 0.5
color 0.0 0.3 1.0
sphere -1.6022822259153275 -2.5 -4.0 0.5

fps 8


plane 0 1 0 3

color 1 1 1
sun 1 1 1

color 1 0 0

color 0 0.6 0

color 0 0.3 1
color 1.0 0.0 0.0
sphere -2.5 -0.5530528000114141 -4.0 0.5
color 0.0 0.6 0.0
sphere 0.16543105911835687 0.24933234109219657 -4.0 0.5
color 0.0 0.3 1.0
sphere -1.6022822259153275 -2.5 -4.0 0.5

fps 8


plane 0 1 0 3

color 1 1 1
sun 1 1 1

color 1 0 0

color 0 0.6 0

color 0 0.3 1
color 1.0 0.0 0.0
sphere -2.5 -0.5530528000114141 -4.0 0.5
color 0.0 0.6 0.0
sphere 0.16543105911835687 0.24933234109219657 -4.0 0.5
color 0.0 0.3 1.0
sphere -1.6022822259153275 -2.5 -4.0 0.5

fps 8


plane 0 1 0 3

color 1 1 1
sun 1 1 1

color 1 0 0

color 0 0.6 0

color 0 0.3 1
color 1.0 0.0 0.0
sphere -2.5 -0.5530528000114141 -4.0 0.5
color 0.0 0.6 0.0
sphere 0.16543105911835687 0.24933234109219657 -4.0 0.5
color 0.0 0.3 1.0
sphere -1.6022822259153275 -2.5 -4.0 0.5
