png 200 200 hw5springmass-024.png

fps 8

color 1 1 1
sun 1 1 1



color 1.0 1.0 1.0
sphere -1.4000000000000001 2.0 -4.0 0.5
color 1.0 1.0 1.0
sphere 1.4000000000000001 2.0 -4.0 0.5
color 1.0 1.0 1.0
sphere -0.8000000000000002 0.0 -4.0 0.5
color 1.0 1.0 1.0
sphere 2.0000000000000004 0.0 -4.0 0.5
color 1.0 1.0 1.0
sphere 0.07272727272727236 -2.0 -4.0 0.5
color 1.0 1.0 1.0
sphere 2.8727272727272726 -2.0 -4.0 0.5

fps 8

color 1 1 1
sun 1 1 1



color 1.0 1.0 1.0
sphere -1.4000000000000001 2.0 -4.0 0.5
color 1.0 1.0 1.0
sphere 1.4000000000000001 2.0 -4.0 0.5
color 1.0 1.0 1.0
sphere -0.8000000000000002 0.0 -4.0 0.5
color 1.0 1.0 1.0
sphere 2.0000000000000004 0.0 -4.0 0.5
color 1.0 1.0 1.0
sphere 0.07272727272727236 -2.0 -4.0 0.5
color 1.0 1.0 1.0
sphere 2.8727272727272726 -2.0 -4.0 0.5
