png 200 200 hw5springanchor-117.png

plane 0 1 0 3
plane 0 0 1 8

color .6 .7 .8
sun 1 1 .5
color .4 .3 .2
sun -.5 1 0

color 1 0 0

color 0 1 0

color 0 0 1

color .4 .4 .4

color 1.0 0.0 0.0
sphere -1.5372067299268997 0.12373014623035831 -5.678998752301429 1.0
color 0.0 1.0 0.0
sphere -2.1862006925603232 -2.1108583916301105 -6.277741684034367 0.5
color 0.0 0.0 1.0
sphere -0.13085431208183618 7.144515398800577 -5.125139769344754 0.5
color 0.4 0.4 0.4
sphere 0.0 8.19999999999999 -4.0 1.0
color 0.4 0.4 0.4
sphere 0.0 -3.5 -4.0 2.0

plane 0 1 0 3
plane 0 0 1 8

color .6 .7 .8
sun 1 1 .5
color .4 .3 .2
sun -.5 1 0

color 1 0 0

color 0 1 0

color 0 0 1

color .4 .4 .4

color 1.0 0.0 0.0
sphere -1.5372067299268997 0.12373014623035831 -5.678998752301429 1.0
color 0.0 1.0 0.0
sphere -2.1862006925603232 -2.1108583916301105 -6.277741684034367 0.5
color 0.0 0.0 1.0
sphere -0.13085431208183618 7.144515398800577 -5.125139769344754 0.5
color 0.4 0.4 0.4
sphere 0.0 8.19999999999999 -4.0 1.0
color 0.4 0.4 0.4
sphere 0.0 -3.5 -4.0 2.0

plane 0 1 0 3
plane 0 0 1 8

color .6 .7 .8
sun 1 1 .5
color .4 .3 .2
sun -.5 1 0

color 1 0 0

color 0 1 0

plane 0 1 0 3
plane 0 0 1 8

color .6 .7 .8
sun 1 1 .5
color .4 .3 .2
sun -.5 1 0

color 1 0 0

color 0 1 0

color 0 0 1

color .4 .4 .4

color 1.0 0.0 0.0
sphere -1.5372067299268997 0.12373014623035831 -5.678998752301429 1.0
color 0.0 1.0 0.0
sphere -2.1862006925603232 -2.1108583916301105 -6.277741684034367 0.5
color 0.0 0.0 1.0
sphere -0.13085431208183618 7.144515398800577 -5.125139769344754 0.5
color 0.4 0.4 0.4
sphere 0.0 8.19999999999999 -4.0 1.0
color 0.4 0.4 0.4
sphere 0.0 -3.5 -4.0 2.0

plane 0 1 0 3
plane 0 0 1 8

color .6 .7 .8
sun 1 1 .5
color .4 .3 .2
sun -.5 1 0

color 1 0 0

color 0 1 0

color 0 0 1

color .4 .4 .4

color 1.0 0.0 0.0
sphere -1.5372067299268997 0.12373014623035831 -5.678998752301429 1.0
color 0.0 1.0 0.0
sphere -2.1862006925603232 -2.1108583916301105 -6.277741684034367 0.5
color 0.0 0.0 1.0
sphere -0.13085431208183618 7.144515398800577 -5.125139769344754 0.5
color 0.4 0.4 0.4
sphere 0.0 8.19999999999999 -4.0 1.0
color 0.4 0.4 0.4
sphere 0.0 -3.5 -4.0 2.0

plane 0 1 0 3
plane 0 0 1 8

color .6 .7 .8
sun 1 1 .5
color .4 .3 .2
sun -.5 1 0

color 1 0 0

color 0 1 0

color 0 0 1

color .4 .4 .4

color 1.0 0.0 0.0
sphere -1.5372067299268997 0.12373014623035831 -5.678998752301429 1.0
color 0.0 1.0 0.0
sphere -2.1862006925603232 -2.1108583916301105 -6.277741684034367 0.5
color 0.0 0.0 1.0
sphere -0.13085431208183618 7.144515398800577 -5.125139769344754 0.5
color 0.4 0.4 0.4
sphere 0.0 8.19999999999999 -4.0 1.0
color 0.4 0.4 0.4
sphere 0.0 -3.5 -4.0 2.0

plane 0 1 0 3
plane 0 0 1 8

color .6 .7 .8
sun 1 1 .5
color .4 .3 .2
sun -.5 1 0

color 1 0 0

color 0 1 0

color 0 0 1

color .4 .4 .4

color 1.0 0.0 0.0
sphere -1.5372067299268997 0.12373014623035831 -5.678998752301429 1.0
color 0.0 1.0 0.0
sphere -2.1862006925603232 -2.1108583916301105 -6.277741684034367 0.5
color 0.0 0.0 1.0
sphere -0.13085431208183618 7.144515398800577 -5.125139769344754 0.5
color 0.4 0.4 0.4
sphere 0.0 8.19999999999999 -4.0 1.0
color 0.4 0.4 0.4
sphere 0.0 -3.5 -4.0 2.0

plane 0 1 0 3
plane 0 0 1 8

color .6 .7 .8
sun 1 1 .5
color .4 .3 .2
sun -.5 1 0

color 1 0 0

color 0 1 0

color 0 0 1

color .4 .4 .4

color 1.0 0.0 0.0
sphere -1.5372067299268997 0.12373014623035831 -5.678998752301429 1.0
color 0.0 1.0 0.0
sphere -2.1862006925603232 -2.1108583916301105 -6.277741684034367 0.5
color 0.0 0.0 1.0
sphere -0.13085431208183618 7.144515398800577 -5.125139769344754 0.5
color 0.4 0.4 0.4
sphere 0.0 8.19999999999999 -4.0 1.0
color 0.4 0.4 0.4
sphere 0.0 -3.5 -4.0 2.0
