png 200 200 hw5springanchor-020.png

plane 0 1 0 3
plane 0 0 1 8

color .6 .7 .8
sun 1 1 .5
color .4 .3 .2
sun -.5 1 0

color 1 0 0

color 0 1 0

color 0 0 1

color .4 .4 .4

color 1.0 0.0 0.0
sphere 0.0 2.5000000000000018 -4.0 1.0
color 0.0 1.0 0.0
sphere 2.033060594893196 3.169226067248921 -4.0 0.5
color 0.0 0.0 1.0
sphere 1.3410208927971365 -0.6637378949321111 -5.364148468278515 0.5
color 0.4 0.4 0.4
sphere 0.0 -1.4999999999999982 -4.0 1.0
color 0.4 0.4 0.4
sphere 0.0 -3.5 -4.0 2.0

plane 0 1 0 3
plane 0 0 1 8

color .6 .7 .8
sun 1 1 .5
color .4 .3 .2
sun -.5 1 0

color 1 0 0

color 0 1 0

color 0 0 1

color .4 .4 .4

color 1.0 0.0 0.0
sphere 0.0 2.5000000000000018 -4.0 1.0
color 0.0 1.0 0.0
sphere 2.033060594893196 3.169226067248921 -4.0 0.5
color 0.0 0.0 1.0
sphere 1.3410208927971365 -0.6637378949321111 -5.364148468278515 0.5
color 0.4 0.4 0.4
sphere 0.0 -1.4999999999999982 -4.0 1.0
color 0.4 0.4 0.4
sphere 0.0 -3.5 -4.0 2.0

plane 0 1 0 3
plane 0 0 1 8

color .6 .7 .8
sun 1 1 .5
color .4 .3 .2
sun -.5 1 0

color 1 0 0

color 0 1 0


plane 0 1 0 3
plane 0 0 1 8

color .6 .7 .8
sun 1 1 .5
color .4 .3 .2
sun -.5 1 0

color 1 0 0

color 0 1 0

color 0 0 1

color .4 .4 .4

color 1.0 0.0 0.0
sphere 0.0 2.5000000000000018 -4.0 1.0
color 0.0 1.0 0.0
sphere 2.033060594893196 3.169226067248921 -4.0 0.5
color 0.0 0.0 1.0
sphere 1.3410208927971365 -0.6637378949321111 -5.364148468278515 0.5
color 0.4 0.4 0.4
sphere 0.0 -1.4999999999999982 -4.0 1.0
color 0.4 0.4 0.4
sphere 0.0 -3.5 -4.0 2.0

plane 0 1 0 3
plane 0 0 1 8

color .6 .7 .8
sun 1 1 .5
color .4 .3 .2
sun -.5 1 0

color 1 0 0

color 0 1 0

color 0 0 1

color .4 .4 .4

color 1.0 0.0 0.0
sphere 0.0 2.5000000000000018 -4.0 1.0
color 0.0 1.0 0.0
sphere 2.033060594893196 3.169226067248921 -4.0 0.5
color 0.0 0.0 1.0
sphere 1.3410208927971365 -0.6637378949321111 -5.364148468278515 0.5
color 0.4 0.4 0.4
sphere 0.0 -1.4999999999999982 -4.0 1.0
color 0.4 0.4 0.4
sphere 0.0 -3.5 -4.0 2.0

plane 0 1 0 3
plane 0 0 1 8

color .6 .7 .8
sun 1 1 .5
color .4 .3 .2
sun -.5 1 0

color 1 0 0

color 0 1 0

color 0 0 1

color .4 .4 .4

color 1.0 0.0 0.0
sphere 0.0 2.5000000000000018 -4.0 1.0
color 0.0 1.0 0.0
sphere 2.033060594893196 3.169226067248921 -4.0 0.5
color 0.0 0.0 1.0
sphere 1.3410208927971365 -0.6637378949321111 -5.364148468278515 0.5
color 0.4 0.4 0.4
sphere 0.0 -1.4999999999999982 -4.0 1.0
color 0.4 0.4 0.4
sphere 0.0 -3.5 -4.0 2.0

plane 0 1 0 3
plane 0 0 1 8

color .6 .7 .8
sun 1 1 .5
color .4 .3 .2
sun -.5 1 0

color 1 0 0

color 0 1 0

color 0 0 1

color .4 .4 .4

color 1.0 0.0 0.0
sphere 0.0 2.5000000000000018 -4.0 1.0
color 0.0 1.0 0.0
sphere 2.033060594893196 3.169226067248921 -4.0 0.5
color 0.0 0.0 1.0
sphere 1.3410208927971365 -0.6637378949321111 -5.364148468278515 0.5
color 0.4 0.4 0.4
sphere 0.0 -1.4999999999999982 -4.0 1.0
color 0.4 0.4 0.4
sphere 0.0 -3.5 -4.0 2.0

plane 0 1 0 3
plane 0 0 1 8

color .6 .7 .8
sun 1 1 .5
color .4 .3 .2
sun -.5 1 0

color 1 0 0

color 0 1 0

color 0 0 1

color .4 .4 .4

color 1.0 0.0 0.0
sphere 0.0 2.5000000000000018 -4.0 1.0
color 0.0 1.0 0.0
sphere 2.033060594893196 3.169226067248921 -4.0 0.5
color 0.0 0.0 1.0
sphere 1.3410208927971365 -0.6637378949321111 -5.364148468278515 0.5
color 0.4 0.4 0.4
sphere 0.0 -1.4999999999999982 -4.0 1.0
color 0.4 0.4 0.4
sphere 0.0 -3.5 -4.0 2.0
