png 200 200 hw5springball-027.png

fps 8


plane 0 1 0 3

color 1 1 1
sun 1 1 1

color 1 0 0

color 0 0.6 0

color 0 0.3 1
color 1.0 0.0 0.0
sphere -2.3702639431849333 -1.3769292954308336 -4.0 0.5
color 0.0 0.6 0.0
sphere 0.5976705005680791 -0.36089164388481787 -4.0 0.5
color 0.0 0.3 1.0
sphere -1.3030429678871034 -1.5341004803964342 -4.0 0.5

fps 8


plane 0 1 0 3

color 1 1 1
sun 1 1 1

color 1 0 0

color 0 0.6 0

color 0 0.3 1
color 1.0 0.0 0.0
sphere -2.3702639431849333 -1.3769292954308336 -4.0 0.5
color 0.0 0.6 0.0
sphere 0.5976705005680791 -0.36089164388481787 -4.0 0.5
color 0.0 0.3 1.0
sphere -1.3030429678871034 -1.5341004803964342 -4.0 0.5

fps 8


plane 0 1 0 3

color 1 1 1
sun 1 1 1

color 1 0 0

color 0 0.6 0

color 0 0.3 1
color 1.0 0.0 0.0
sphere -2.3702639431849333 -1.3769292954308336 -4.0 0.5
color 0.0 0.6 0.0
sphere 0.5976705005680791 -0.36089164388481787 -4.0 0.5
color 0.0 0.3 1.0
sphere -1.3030429678871034 -1.5341004803964342 -4.0 0.5

fps 8


plane 0 1 0 3

color 1 1 1
sun 1 1 1

color 1 0 0

color 0 0.6 0

color 0 0.3 1
color 1.0 0.0 0.0
sphere -2.3702639431849333 -1.3769292954308336 -4.0 0.5
color 0.0 0.6 0.0
sphere 0.5976705005680791 -0.36089164388481787 -4.0 0.5
color 0.0 0.3 1.0
sphere -1.3030429678871034 -1.5341004803964342 -4.0 0.5

fps 8


plane 0 1 0 3

color 1 1 1
sun 1 1 1

color 1 0 0

color 0 0.6 0

color 0 0.3 1
color 1.0 0.0 0.0
sphere -2.3702639431849333 -1.3769292954308336 -4.0 0.5
color 0.0 0.6 0.0
sphere 0.5976705005680791 -0.36089164388481787 -4.0 0.5
color 0.0 0.3 1.0
sphere -1.3030429678871034 -1.5341004803964342 -4.0 0.5

fps 8


plane 0 1 0 3

color 1 1 1
sun 1 1 1

color 1 0 0

color 0 0.6 0

color 0 0.3 1
color 1.0 0.0 0.0
sphere -2.3702639431849333 -1.3769292954308336 -4.0 0.5
color 0.0 0.6 0.0
sphere 0.5976705005680791 -0.36089164388481787 -4.0 0.5
color 0.0 0.3 1.0
sphere -1.3030429678871034 -1.5341004803964342 -4.0 0.5
