png 200 200 hw5springradius-012.png

fps 8


plane 0 1 0 3

color 1 1 1
sun 1 1 1

color 1 0 0

color 0 0.6 0

color 0 0.3 1
color 1.0 0.0 0.0
sphere -2.076224778637984 -1.2411452511340673 -4.0 0.5
color 0.0 0.6 0.0
sphere -0.3248779631677756 -0.27533764506422465 -4.0 1.5
color 0.0 0.3 1.0
sphere 2.75 -1.818507954320153 -4.0 0.25

fps 8


plane 0 1 0 3

color 1 1 1
sun 1 1 1

color 1 0 0

color 0 0.6 0

color 0 0.3 1
color 1.0 0.0 0.0
sphere -2.076224778637984 -1.2411452511340673 -4.0 0.5
color 0.0 0.6 0.0
sphere -0.3248779631677756 -0.27533764506422465 -4.0 1.5
color 0.0 0.3 1.0
sphere 2.75 -1.818507954320153 -4.0 0.25

fps 8


plane 0 1 0 3

color 1 1 1
sun 1 1 1

color 1 0 0

color 0 0.6 0

color 0 0.3 1
color 1.0 0.0 0.0
sphere -2.066554616818756 -1.2527606230974007 -4.0 0.5
color 0.0 0.6 0.0
sphere -0.3387587999709974 -0.23997826037302217 -4.0 1.5
color 0.0 0.3 1.0
sphere 2.75 -1.8240713766933703 -4.0 0.25
