png 200 200 hw5springelastic-024.png

fps 8


plane 0 1 0 2

color 1 1 1
sun 1 2 1


color 1.0 1.0 1.0
sphere -2.5 -0.46 -4.0 0.49
color 1.0 1.0 1.0
sphere -1.5 -1.4287500000000006 -4.0 0.49
color 1.0 1.0 1.0
sphere -0.5500481007949669 -1.51 -4.0 0.49
color 1.0 1.0 1.0
sphere 0.5814799480870844 -1.5100000000000002 -4.0 0.49
color 1.0 1.0 1.0
sphere 0.035417664573590926 -0.8203088444961464 -4.0 0.49
color 1.0 1.0 1.0
sphere 2.460897045875874 -1.474461582634229 -4.0 0.49
color 1.0 1.0 1.0
sphere 1.5306994117722046 -1.5099999999999998 -4.0 0.49
