png 200 200 hw5springelastic-012.png

fps 8


plane 0 1 0 2

color 1 1 1
sun 1 2 1


color 1.0 1.0 1.0
sphere -2.5 -1.5099999999999998 -4.0 0.49
color 1.0 1.0 1.0
sphere -1.5 -1.26 -4.0 0.49
color 1.0 1.0 1.0
sphere -0.5 -1.5100000000000002 -4.0 0.49
color 1.0 1.0 1.0
sphere 0.5 -1.5100000000000002 -4.0 0.49
color 1.0 1.0 1.0
sphere 1.5 -1.5099999999999998 -4.0 0.49
color 1.0 1.0 1.0
sphere 1.5 -0.6400000000000003 -4.0 0.49
color 1.0 1.0 1.0
sphere 1.5119999999999987 3.4000000000000035 -4.0 0.49
