png 200 200 hw5springanchor-094.png

plane 0 1 0 3
plane 0 0 1 8

color .6 .7 .8
sun 1 1 .5
color .4 .3 .2
sun -.5 1 0

color 1 0 0

color 0 1 0

color 0 0 1

color .4 .4 .4

color 1.0 0.0 0.0
sphere 2.0 2.429637102693239 -3.6842607331151553 1.0
color 0.0 1.0 0.0
sphere 0.30601635520638987 -2.5 -6.695876680580779 0.5
color 0.0 0.0 1.0
sphere 1.0279090910556339 -1.902332792781443 -7.308388892497423 0.5
color 0.4 0.4 0.4
sphere 0.0 5.899999999999998 -4.0 1.0
color 0.4 0.4 0.4
sphere 0.0 -3.5 -4.0 2.0

plane 0 1 0 3
plane 0 0 1 8

color .6 .7 .8
sun 1 1 .5
color .4 .3 .2
sun -.5 1 0

color 1 0 0

color 0 1 0

color 0 0 1

color .4 .4 .4

color 1.0 0.0 0.0
sphere 2.0 2.429637102693239 -3.6842607331151553 1.0
color 0.0 1.0 0.0
sphere 0.30601635520638987 -2.5 -6.695876680580779 0.5
color 0.0 0.0 1.0
sphere 1.0279090910556339 -1.902332792781443 -7.308388892497423 0.5
color 0.4 0.4 0.4
sphere 0.0 5.899999999999998 -4.0 1.0
color 0.4 0.4 0.4
sphere 0.0 -3.5 -4.0 2.0

plane 0 1 0 3
plane 0 0 1 8

color .6 .7 .8
sun 1 1 .5
color .4 .3 .2
sun -.5 1 0

color 1 0 0

color 0 1 0

plane 0 1 0 3
plane 0 0 1 8

color .6 .7 .8
sun 1 1 .5
color .4 .3 .2
sun -.5 1 0

color 1 0 0

color 0 1 0

color 0 0 1

color .4 .4 .4

color 1.0 0.0 0.0
sphere 2.0 2.429637102693239 -3.6842607331151553 1.0
color 0.0 1.0 0.0
sphere 0.30601635520638987 -2.5 -6.695876680580779 0.5
color 0.0 0.0 1.0
sphere 1.0279090910556339 -1.902332792781443 -7.308388892497423 0.5
color 0.4 0.4 0.4
sphere 0.0 5.899999999999998 -4.0 1.0
color 0.4 0.4 0.4
sphere 0.0 -3.5 -4.0 2.0

plane 0 1 0 3
plane 0 0 1 8

color .6 .7 .8
sun 1 1 .5
color .4 .3 .2
sun -.5 1 0

color 1 0 0

color 0 1 0

color 0 0 1

color .4 .4 .4

color 1.0 0.0 0.0
sphere 2.0 2.429637102693239 -3.6842607331151553 1.0
color 0.0 1.0 0.0
sphere 0.30601635520638987 -2.5 -6.695876680580779 0.5
color 0.0 0.0 1.0
sphere 1.0279090910556339 -1.902332792781443 -7.308388892497423 0.5
color 0.4 0.4 0.4
sphere 0.0 5.899999999999998 -4.0 1.0
color 0.4 0.4 0.4
sphere 0.0 -3.5 -4.0 2.0

plane 0 1 0 3
plane 0 0 1 8

color .6 .7 .8
sun 1 1 .5
color .4 .3 .2
sun -.5 1 0

color 1 0 0

color 0 1 0

color 0 0 1

color .4 .4 .4

color 1.0 0.0 0.0
sphere 2.0 2.429637102693239 -3.6842607331151553 1.0
color 0.0 1.0 0.0
sphere 0.30601635520638987 -2.5 -6.695876680580779 0.5
color 0.0 0.0 1.0
sphere 1.0279090910556339 -1.902332792781443 -7.308388892497423 0.5
color 0.4 0.4 0.4
sphere 0.0 5.899999999999998 -4.0 1.0
color 0.4 0.4 0.4
sphere 0.0 -3.5 -4.0 2.0

plane 0 1 0 3
plane 0 0 1 8

color .6 .7 .8
sun 1 1 .5
color .4 .3 .2
sun -.5 1 0

color 1 0 0

color 0 1 0

color 0 0 1

color .4 .4 .4

color 1.0 0.0 0.0
sphere 2.0 2.429637102693239 -3.6842607331151553 1.0
color 0.0 1.0 0.0
sphere 0.30601635520638987 -2.5 -6.695876680580779 0.5
color 0.0 0.0 1.0
sphere 1.0279090910556339 -1.902332792781443 -7.308388892497423 0.5
color 0.4 0.4 0.4
sphere 0.0 5.899999999999998 -4.0 1.0
color 0.4 0.4 0.4
sphere 0.0 -3.5 -4.0 2.0

plane 0 1 0 3
plane 0 0 1 8

color .6 .7 .8
sun 1 1 .5
color .4 .3 .2
sun -.5 1 0

color 1 0 0

color 0 1 0

color 0 0 1

color .4 .4 .4

color 1.0 0.0 0.0
sphere 2.0 2.429637102693239 -3.6842607331151553 1.0
color 0.0 1.0 0.0
sphere 0.30601635520638987 -2.5 -6.695876680580779 0.5
color 0.0 0.0 1.0
sphere 1.0279090910556339 -1.902332792781443 -7.308388892497423 0.5
color 0.4 0.4 0.4
sphere 0.0 5.899999999999998 -4.0 1.0
color 0.4 0.4 0.4
sphere 0.0 -3.5 -4.0 2.0
