png 200 200 hw5springradius-034.png

fps 8


plane 0 1 0 3

color 1 1 1
sun 1 1 1

color 1 0 0

color 0 0.6 0

color 0 0.3 1
color 1.0 0.0 0.0
sphere 1.0640325182354018 0.2152124589902668 -4.0 0.5
color 0.0 0.6 0.0
sphere 0.06435415739884898 -1.5 -4.0 1.5
color 0.0 0.3 1.0
sphere 0.010970112931176612 0.11700048892830688 -4.0 0.25

fps 8


plane 0 1 0 3

color 1 1 1
sun 1 1 1

color 1 0 0

color 0 0.6 0

color 0 0.3 1
color 1.0 0.0 0.0
sphere 1.0640325182354018 0.2152124589902668 -4.0 0.5
color 0.0 0.6 0.0
sphere 0.06435415739884898 -1.5 -4.0 1.5
color 0.0 0.3 1.0
sphere 0.010970112931176612 0.11700048892830688 -4.0 0.25

fps 8


plane 0 1 0 3

color 1 1 1
sun 1 1 1

color 1 0 0

color 0 0.6 0

color 0 0.3 1
color 1.0 0.0 0.0
sphere -1.6036504938359888 0.8052532798492156 -4.0 0.5
color 0.0 0.6 0.0
sphere 1.0568922535578644 -0.3118050448273256 -4.0 1.5
color 0.0 0.3 1.0
sphere -0.8085578389823969 -0.6678901281650708 -4.0 0.25
