png 200 200 hw5springradius-005.png

fps 8


plane 0 1 0 3

color 1 1 1
sun 1 1 1

color 1 0 0

color 0 0.6 0

color 0 0.3 1
color 1.0 0.0 0.0
sphere -0.9912057600476221 -0.8001541906001811 -4.0 0.5
color 0.0 0.6 0.0
sphere 1.0381244243276577 -0.8998458093998192 -4.0 1.5
color 0.0 0.3 1.0
sphere 2.0 0.7499999999999997 -4.0 0.25

fps 8


plane 0 1 0 3

color 1 1 1
sun 1 1 1

color 1 0 0

color 0 0.6 0

color 0 0.3 1
color 1.0 0.0 0.0
sphere -0.9912057600476221 -0.8001541906001811 -4.0 0.5
color 0.0 0.6 0.0
sphere 1.0381244243276577 -0.8998458093998192 -4.0 1.5
color 0.0 0.3 1.0
sphere 2.0 0.7499999999999997 -4.0 0.25

fps 8


plane 0 1 0 3

color 1 1 1
sun 1 1 1

color 1 0 0

color 0 0.6 0

color 0 0.3 1
color 1.0 0.0 0.0
sphere -0.9972243542591448 -0.7986638673651808 -4.0 0.5
color 0.0 0.6 0.0
sphere 1.0441430185391802 -0.9013361326348195 -4.0 1.5
color 0.0 0.3 1.0
sphere 2.0 0.7499999999999997 -4.0 0.25
