png 200 200 hw5springanchor-089.png

plane 0 1 0 3
plane 0 0 1 8

color .6 .7 .8
sun 1 1 .5
color .4 .3 .2
sun -.5 1 0

color 1 0 0

color 0 1 0

color 0 0 1

color .4 .4 .4

color 1.0 0.0 0.0
sphere -0.7693395410944879 2.8896346492881837 -6.315739266884844 1.0
color 0.0 1.0 0.0
sphere 1.677256133202396 -0.11666564914894616 -6.369952462568061 0.5
color 0.0 0.0 1.0
sphere 1.9162727268330988 -1.281337657748456 -6.90823040926684 0.5
color 0.4 0.4 0.4
sphere 0.0 5.3999999999999995 -4.0 1.0
color 0.4 0.4 0.4
sphere 0.0 -3.5 -4.0 2.0

plane 0 1 0 3
plane 0 0 1 8

color .6 .7 .8
sun 1 1 .5
color .4 .3 .2
sun -.5 1 0

color 1 0 0

color 0 1 0

color 0 0 1

color .4 .4 .4

color 1.0 0.0 0.0
sphere -0.7693395410944879 2.8896346492881837 -6.315739266884844 1.0
color 0.0 1.0 0.0
sphere 1.677256133202396 -0.11666564914894616 -6.369952462568061 0.5
color 0.0 0.0 1.0
sphere 1.9162727268330988 -1.281337657748456 -6.90823040926684 0.5
color 0.4 0.4 0.4
sphere 0.0 5.3999999999999995 -4.0 1.0
color 0.4 0.4 0.4
sphere 0.0 -3.5 -4.0 2.0

plane 0 1 0 3
plane 0 0 1 8

color .6 .7 .8
sun 1 1 .5
color .4 .3 .2
sun -.5 1 0

color 1 0 0

color 0 1 0

plane 0 1 0 3
plane 0 0 1 8

color .6 .7 .8
sun 1 1 .5
color .4 .3 .2
sun -.5 1 0

color 1 0 0

color 0 1 0

color 0 0 1

color .4 .4 .4

color 1.0 0.0 0.0
sphere -0.7693395410944879 2.8896346492881837 -6.315739266884844 1.0
color 0.0 1.0 0.0
sphere 1.677256133202396 -0.11666564914894616 -6.369952462568061 0.5
color 0.0 0.0 1.0
sphere 1.9162727268330988 -1.281337657748456 -6.90823040926684 0.5
color 0.4 0.4 0.4
sphere 0.0 5.3999999999999995 -4.0 1.0
color 0.4 0.4 0.4
sphere 0.0 -3.5 -4.0 2.0

plane 0 1 0 3
plane 0 0 1 8

color .6 .7 .8
sun 1 1 .5
color .4 .3 .2
sun -.5 1 0

color 1 0 0

color 0 1 0

color 0 0 1

color .4 .4 .4

color 1.0 0.0 0.0
sphere -0.7693395410944879 2.8896346492881837 -6.315739266884844 1.0
color 0.0 1.0 0.0
sphere 1.677256133202396 -0.11666564914894616 -6.369952462568061 0.5
color 0.0 0.0 1.0
sphere 1.9162727268330988 -1.281337657748456 -6.90823040926684 0.5
color 0.4 0.4 0.4
sphere 0.0 5.3999999999999995 -4.0 1.0
color 0.4 0.4 0.4
sphere 0.0 -3.5 -4.0 2.0

plane 0 1 0 3
plane 0 0 1 8

color .6 .7 .8
sun 1 1 .5
color .4 .3 .2
sun -.5 1 0

color 1 0 0

color 0 1 0

color 0 0 1

color .4 .4 .4

color 1.0 0.0 0.0
sphere -0.7693395410944879 2.8896346492881837 -6.315739266884844 1.0
color 0.0 1.0 0.0
sphere 1.677256133202396 -0.11666564914894616 -6.369952462568061 0.5
color 0.0 0.0 1.0
sphere 1.9162727268330988 -1.281337657748456 -6.90823040926684 0.5
color 0.4 0.4 0.4
sphere 0.0 5.3999999999999995 -4.0 1.0
color 0.4 0.4 0.4
sphere 0.0 -3.5 -4.0 2.0

plane 0 1 0 3
plane 0 0 1 8

color .6 .7 .8
sun 1 1 .5
color .4 .3 .2
sun -.5 1 0

color 1 0 0

color 0 1 0

color 0 0 1

color .4 .4 .4

color 1.0 0.0 0.0
sphere -0.7693395410944879 2.8896346492881837 -6.315739266884844 1.0
color 0.0 1.0 0.0
sphere 1.677256133202396 -0.11666564914894616 -6.369952462568061 0.5
color 0.0 0.0 1.0
sphere 1.9162727268330988 -1.281337657748456 -6.90823040926684 0.5
color 0.4 0.4 0.4
sphere 0.0 5.3999999999999995 -4.0 1.0
color 0.4 0.4 0.4
sphere 0.0 -3.5 -4.0 2.0

plane 0 1 0 3
plane 0 0 1 8

color .6 .7 .8
sun 1 1 .5
color .4 .3 .2
sun -.5 1 0

color 1 0 0

color 0 1 0

color 0 0 1

color .4 .4 .4

color 1.0 0.0 0.0
sphere -0.7693395410944879 2.8896346492881837 -6.315739266884844 1.0
color 0.0 1.0 0.0
sphere 1.677256133202396 -0.11666564914894616 -6.369952462568061 0.5
color 0.0 0.0 1.0
sphere 1.9162727268330988 -1.281337657748456 -6.90823040926684 0.5
color 0.4 0.4 0.4
sphere 0.0 5.3999999999999995 -4.0 1.0
color 0.4 0.4 0.4
sphere 0.0 -3.5 -4.0 2.0
