png 200 200 hw5springradius-040.png

fps 8


plane 0 1 0 3

color 1 1 1
sun 1 1 1

color 1 0 0

color 0 0.6 0

color 0 0.3 1
color 1.0 0.0 0.0
sphere 0.7130097733278669 1.932178044782241 -4.0 0.5
color 0.0 0.6 0.0
sphere -0.4182756299448941 0.24067545606244406 -4.0 1.5
color 0.0 0.3 1.0
sphere 1.0937603963336202 -0.6862109472715323 -4.0 0.25

fps 8


plane 0 1 0 3

color 1 1 1
sun 1 1 1

color 1 0 0

color 0 0.6 0

color 0 0.3 1
color 1.0 0.0 0.0
sphere 0.7130097733278669 1.932178044782241 -4.0 0.5
color 0.0 0.6 0.0
sphere -0.4182756299448941 0.24067545606244406 -4.0 1.5
color 0.0 0.3 1.0
sphere 1.0937603963336202 -0.6862109472715323 -4.0 0.25

fps 8


plane 0 1 0 3

color 1 1 1
sun 1 1 1

color 1 0 0

color 0 0.6 0

color 0 0.3 1
color 1.0 0.0 0.0
sphere -0.2740289718082829 2.5123364753686572 -4.0 0.5
color 0.0 0.6 0.0
sphere 1.5000000000000002 -0.9987836649976188 -4.0 1.5
color 0.0 0.3 1.0
sphere -2.5995416629539423 -1.8876475801399342 -4.0 0.25
