png 200 200 hw5springanchor-022.png

plane 0 1 0 3
plane 0 0 1 8

color .6 .7 .8
sun 1 1 .5
color .4 .3 .2
sun -.5 1 0

color 1 0 0

color 0 1 0

color 0 0 1

color .4 .4 .4

color 1.0 0.0 0.0
sphere 0.0 1.9000000000000017 -4.0 1.0
color 0.0 1.0 0.0
sphere 1.7217676581553265 3.3849385238104013 -4.0 0.5
color 0.0 0.0 1.0
sphere 1.9787710259872093 -1.5828922310855027 -6.0801855853481435 0.5
color 0.4 0.4 0.4
sphere 0.0 -1.299999999999998 -4.0 1.0
color 0.4 0.4 0.4
sphere 0.0 -3.5 -4.0 2.0

plane 0 1 0 3
plane 0 0 1 8

color .6 .7 .8
sun 1 1 .5
color .4 .3 .2
sun -.5 1 0

color 1 0 0

color 0 1 0

color 0 0 1

color .4 .4 .4

color 1.0 0.0 0.0
sphere 0.0 1.9000000000000017 -4.0 1.0
color 0.0 1.0 0.0
sphere 1.7217676581553265 3.3849385238104013 -4.0 0.5
color 0.0 0.0 1.0
sphere 1.9787710259872093 -1.5828922310855027 -6.0801855853481435 0.5
color 0.4 0.4 0.4
sphere 0.0 -1.299999999999998 -4.0 1.0
color 0.4 0.4 0.4
sphere 0.0 -3.5 -4.0 2.0

plane 0 1 0 3
plane 0 0 1 8

color .6 .7 .8
sun 1 1 .5
color .4 .3 .2
sun -.5 1 0

color 1 0 0

color 0 1 0


plane 0 1 0 3
plane 0 0 1 8

color .6 .7 .8
sun 1 1 .5
color .4 .3 .2
sun -.5 1 0

color 1 0 0

color 0 1 0

color 0 0 1

color .4 .4 .4

color 1.0 0.0 0.0
sphere 0.0 1.9000000000000017 -4.0 1.0
color 0.0 1.0 0.0
sphere 1.7217676581553265 3.3849385238104013 -4.0 0.5
color 0.0 0.0 1.0
sphere 1.9787710259872093 -1.5828922310855027 -6.0801855853481435 0.5
color 0.4 0.4 0.4
sphere 0.0 -1.299999999999998 -4.0 1.0
color 0.4 0.4 0.4
sphere 0.0 -3.5 -4.0 2.0

plane 0 1 0 3
plane 0 0 1 8

color .6 .7 .8
sun 1 1 .5
color .4 .3 .2
sun -.5 1 0

color 1 0 0

color 0 1 0

color 0 0 1

color .4 .4 .4

color 1.0 0.0 0.0
sphere 0.0 1.9000000000000017 -4.0 1.0
color 0.0 1.0 0.0
sphere 1.7217676581553265 3.3849385238104013 -4.0 0.5
color 0.0 0.0 1.0
sphere 1.9787710259872093 -1.5828922310855027 -6.0801855853481435 0.5
color 0.4 0.4 0.4
sphere 0.0 -1.299999999999998 -4.0 1.0
color 0.4 0.4 0.4
sphere 0.0 -3.5 -4.0 2.0

plane 0 1 0 3
plane 0 0 1 8

color .6 .7 .8
sun 1 1 .5
color .4 .3 .2
sun -.5 1 0

color 1 0 0

color 0 1 0

color 0 0 1

color .4 .4 .4

color 1.0 0.0 0.0
sphere 0.0 1.9000000000000017 -4.0 1.0
color 0.0 1.0 0.0
sphere 1.7217676581553265 3.3849385238104013 -4.0 0.5
color 0.0 0.0 1.0
sphere 1.9787710259872093 -1.5828922310855027 -6.0801855853481435 0.5
color 0.4 0.4 0.4
sphere 0.0 -1.299999999999998 -4.0 1.0
color 0.4 0.4 0.4
sphere 0.0 -3.5 -4.0 2.0

plane 0 1 0 3
plane 0 0 1 8

color .6 .7 .8
sun 1 1 .5
color .4 .3 .2
sun -.5 1 0

color 1 0 0

color 0 1 0

color 0 0 1

color .4 .4 .4

color 1.0 0.0 0.0
sphere 0.0 1.9000000000000017 -4.0 1.0
color 0.0 1.0 0.0
sphere 1.7217676581553265 3.3849385238104013 -4.0 0.5
color 0.0 0.0 1.0
sphere 1.9787710259872093 -1.5828922310855027 -6.0801855853481435 0.5
color 0.4 0.4 0.4
sphere 0.0 -1.299999999999998 -4.0 1.0
color 0.4 0.4 0.4
sphere 0.0 -3.5 -4.0 2.0

plane 0 1 0 3
plane 0 0 1 8

color .6 .7 .8
sun 1 1 .5
color .4 .3 .2
sun -.5 1 0

color 1 0 0

color 0 1 0

color 0 0 1

color .4 .4 .4

color 1.0 0.0 0.0
sphere 0.0 1.9000000000000017 -4.0 1.0
color 0.0 1.0 0.0
sphere 1.7217676581553265 3.3849385238104013 -4.0 0.5
color 0.0 0.0 1.0
sphere 1.9787710259872093 -1.5828922310855027 -6.0801855853481435 0.5
color 0.4 0.4 0.4
sphere 0.0 -1.299999999999998 -4.0 1.0
color 0.4 0.4 0.4
sphere 0.0 -3.5 -4.0 2.0
