png 200 200 hw5springelastic-025.png

fps 8


plane 0 1 0 2

color 1 1 1
sun 1 2 1


color 1.0 1.0 1.0
sphere -2.5 -0.31 -4.0 0.49
color 1.0 1.0 1.0
sphere -1.5672282764661092 -1.51 -4.0 0.49
color 1.0 1.0 1.0
sphere -0.7485161480339575 -1.4538135273891633 -4.0 0.49
color 1.0 1.0 1.0
sphere 0.6035589559769189 -1.5100000000000002 -4.0 0.49
color 1.0 1.0 1.0
sphere 0.024976463961218748 -0.8604218912561009 -4.0 0.49
color 1.0 1.0 1.0
sphere 2.396973496080223 -1.51 -4.0 0.49
color 1.0 1.0 1.0
sphere 1.418733610137857 -1.51 -4.0 0.49
