png 200 200 hw5springmass-033.png

fps 8

color 1 1 1
sun 1 1 1



color 1.0 1.0 1.0
sphere -2.3000000000000007 2.0 -4.0 0.5
color 1.0 1.0 1.0
sphere 2.3000000000000007 2.0 -4.0 0.5
color 1.0 1.0 1.0
sphere -1.1000000000000005 0.0 -4.0 0.5
color 1.0 1.0 1.0
sphere 3.499999999999999 0.0 -4.0 0.5
color 1.0 1.0 1.0
sphere 0.6454545454545453 -2.0 -4.0 0.5
color 1.0 1.0 1.0
sphere 5.245454545454546 -2.0 -4.0 0.5

fps 8

color 1 1 1
sun 1 1 1



color 1.0 1.0 1.0
sphere -2.3000000000000007 2.0 -4.0 0.5
color 1.0 1.0 1.0
sphere 2.3000000000000007 2.0 -4.0 0.5
color 1.0 1.0 1.0
sphere -1.1000000000000005 0.0 -4.0 0.5
color 1.0 1.0 1.0
sphere 3.499999999999999 0.0 -4.0 0.5
color 1.0 1.0 1.0
sphere 0.6454545454545453 -2.0 -4.0 0.5
color 1.0 1.0 1.0
sphere 5.245454545454546 -2.0 -4.0 0.5
