png 200 200 hw5springanchor-101.png

plane 0 1 0 3
plane 0 0 1 8

color .6 .7 .8
sun 1 1 .5
color .4 .3 .2
sun -.5 1 0

color 1 0 0

color 0 1 0

color 0 0 1

color .4 .4 .4

color 1.0 0.0 0.0
sphere -0.6900531116121057 -1.9152190987208426 -6.724432612609005 1.0
color 0.0 1.0 0.0
sphere -1.8782635860545236 0.41351715232795366 -3.5611118667916806 0.5
color 0.0 0.0 1.0
sphere -1.4940779311139392 -0.7444832245704406 -6.241813091037055 0.5
color 0.4 0.4 0.4
sphere 0.0 6.599999999999995 -4.0 1.0
color 0.4 0.4 0.4
sphere 0.0 -3.5 -4.0 2.0

plane 0 1 0 3
plane 0 0 1 8

color .6 .7 .8
sun 1 1 .5
color .4 .3 .2
sun -.5 1 0

color 1 0 0

color 0 1 0

color 0 0 1

color .4 .4 .4

color 1.0 0.0 0.0
sphere -0.6900531116121057 -1.9152190987208426 -6.724432612609005 1.0
color 0.0 1.0 0.0
sphere -1.8782635860545236 0.41351715232795366 -3.5611118667916806 0.5
color 0.0 0.0 1.0
sphere -1.4940779311139392 -0.7444832245704406 -6.241813091037055 0.5
color 0.4 0.4 0.4
sphere 0.0 6.599999999999995 -4.0 1.0
color 0.4 0.4 0.4
sphere 0.0 -3.5 -4.0 2.0

plane 0 1 0 3
plane 0 0 1 8

color .6 .7 .8
sun 1 1 .5
color .4 .3 .2
sun -.5 1 0

color 1 0 0

color 0 1 0

plane 0 1 0 3
plane 0 0 1 8

color .6 .7 .8
sun 1 1 .5
color .4 .3 .2
sun -.5 1 0

color 1 0 0

color 0 1 0

color 0 0 1

color .4 .4 .4

color 1.0 0.0 0.0
sphere -0.6900531116121057 -1.9152190987208426 -6.724432612609005 1.0
color 0.0 1.0 0.0
sphere -1.8782635860545236 0.41351715232795366 -3.5611118667916806 0.5
color 0.0 0.0 1.0
sphere -1.4940779311139392 -0.7444832245704406 -6.241813091037055 0.5
color 0.4 0.4 0.4
sphere 0.0 6.599999999999995 -4.0 1.0
color 0.4 0.4 0.4
sphere 0.0 -3.5 -4.0 2.0

plane 0 1 0 3
plane 0 0 1 8

color .6 .7 .8
sun 1 1 .5
color .4 .3 .2
sun -.5 1 0

color 1 0 0

color 0 1 0

color 0 0 1

color .4 .4 .4

color 1.0 0.0 0.0
sphere -0.6900531116121057 -1.9152190987208426 -6.724432612609005 1.0
color 0.0 1.0 0.0
sphere -1.8782635860545236 0.41351715232795366 -3.5611118667916806 0.5
color 0.0 0.0 1.0
sphere -1.4940779311139392 -0.7444832245704406 -6.241813091037055 0.5
color 0.4 0.4 0.4
sphere 0.0 6.599999999999995 -4.0 1.0
color 0.4 0.4 0.4
sphere 0.0 -3.5 -4.0 2.0

plane 0 1 0 3
plane 0 0 1 8

color .6 .7 .8
sun 1 1 .5
color .4 .3 .2
sun -.5 1 0

color 1 0 0

color 0 1 0

color 0 0 1

color .4 .4 .4

color 1.0 0.0 0.0
sphere -0.6900531116121057 -1.9152190987208426 -6.724432612609005 1.0
color 0.0 1.0 0.0
sphere -1.8782635860545236 0.41351715232795366 -3.5611118667916806 0.5
color 0.0 0.0 1.0
sphere -1.4940779311139392 -0.7444832245704406 -6.241813091037055 0.5
color 0.4 0.4 0.4
sphere 0.0 6.599999999999995 -4.0 1.0
color 0.4 0.4 0.4
sphere 0.0 -3.5 -4.0 2.0

plane 0 1 0 3
plane 0 0 1 8

color .6 .7 .8
sun 1 1 .5
color .4 .3 .2
sun -.5 1 0

color 1 0 0

color 0 1 0

color 0 0 1

color .4 .4 .4

color 1.0 0.0 0.0
sphere -0.6900531116121057 -1.9152190987208426 -6.724432612609005 1.0
color 0.0 1.0 0.0
sphere -1.8782635860545236 0.41351715232795366 -3.5611118667916806 0.5
color 0.0 0.0 1.0
sphere -1.4940779311139392 -0.7444832245704406 -6.241813091037055 0.5
color 0.4 0.4 0.4
sphere 0.0 6.599999999999995 -4.0 1.0
color 0.4 0.4 0.4
sphere 0.0 -3.5 -4.0 2.0

plane 0 1 0 3
plane 0 0 1 8

color .6 .7 .8
sun 1 1 .5
color .4 .3 .2
sun -.5 1 0

color 1 0 0

color 0 1 0

color 0 0 1

color .4 .4 .4

color 1.0 0.0 0.0
sphere -0.6900531116121057 -1.9152190987208426 -6.724432612609005 1.0
color 0.0 1.0 0.0
sphere -1.8782635860545236 0.41351715232795366 -3.5611118667916806 0.5
color 0.0 0.0 1.0
sphere -1.4940779311139392 -0.7444832245704406 -6.241813091037055 0.5
color 0.4 0.4 0.4
sphere 0.0 6.599999999999995 -4.0 1.0
color 0.4 0.4 0.4
sphere 0.0 -3.5 -4.0 2.0
