png 200 200 hw5springball-022.png

fps 8


plane 0 1 0 3

color 1 1 1
sun 1 1 1

color 1 0 0

color 0 0.6 0

color 0 0.3 1
color 1.0 0.0 0.0
sphere -2.5 0.6587751148609717 -4.0 0.5
color 0.0 0.6 0.0
sphere -1.051962471061095 0.7739063478055465 -4.0 0.5
color 0.0 0.3 1.0
sphere -2.444646768255872 -0.2747739552735305 -4.0 0.5

fps 8


plane 0 1 0 3

color 1 1 1
sun 1 1 1

color 1 0 0

color 0 0.6 0

color 0 0.3 1
color 1.0 0.0 0.0
sphere -2.5 0.6587751148609717 -4.0 0.5
color 0.0 0.6 0.0
sphere -1.051962471061095 0.7739063478055465 -4.0 0.5
color 0.0 0.3 1.0
sphere -2.444646768255872 -0.2747739552735305 -4.0 0.5

fps 8


plane 0 1 0 3

color 1 1 1
sun 1 1 1

color 1 0 0

color 0 0.6 0

color 0 0.3 1
color 1.0 0.0 0.0
sphere -2.5 0.6587751148609717 -4.0 0.5
color 0.0 0.6 0.0
sphere -1.051962471061095 0.7739063478055465 -4.0 0.5
color 0.0 0.3 1.0
sphere -2.444646768255872 -0.2747739552735305 -4.0 0.5

fps 8


plane 0 1 0 3

color 1 1 1
sun 1 1 1

color 1 0 0

color 0 0.6 0

color 0 0.3 1
color 1.0 0.0 0.0
sphere -2.5 0.6587751148609717 -4.0 0.5
color 0.0 0.6 0.0
sphere -1.051962471061095 0.7739063478055465 -4.0 0.5
color 0.0 0.3 1.0
sphere -2.444646768255872 -0.2747739552735305 -4.0 0.5

fps 8


plane 0 1 0 3

color 1 1 1
sun 1 1 1

color 1 0 0

color 0 0.6 0

color 0 0.3 1
color 1.0 0.0 0.0
sphere -2.5 0.6587751148609717 -4.0 0.5
color 0.0 0.6 0.0
sphere -1.051962471061095 0.7739063478055465 -4.0 0.5
color 0.0 0.3 1.0
sphere -2.444646768255872 -0.2747739552735305 -4.0 0.5

fps 8


plane 0 1 0 3

color 1 1 1
sun 1 1 1

color 1 0 0

color 0 0.6 0

color 0 0.3 1
color 1.0 0.0 0.0
sphere -2.5 0.6587751148609717 -4.0 0.5
color 0.0 0.6 0.0
sphere -1.051962471061095 0.7739063478055465 -4.0 0.5
color 0.0 0.3 1.0
sphere -2.444646768255872 -0.2747739552735305 -4.0 0.5
