png 200 200 hw5springradius-029.png

fps 8


plane 0 1 0 3

color 1 1 1
sun 1 1 1

color 1 0 0

color 0 0.6 0

color 0 0.3 1
color 1.0 0.0 0.0
sphere 1.5427503033149728 -1.7974645901682889 -4.0 0.5
color 0.0 0.6 0.0
sphere -0.4475558361791506 -1.1683041820349516 -4.0 1.5
color 0.0 0.3 1.0
sphere -0.19519551670666932 1.879240112182028 -4.0 0.25

fps 8


plane 0 1 0 3

color 1 1 1
sun 1 1 1

color 1 0 0

color 0 0.6 0

color 0 0.3 1
color 1.0 0.0 0.0
sphere 1.5427503033149728 -1.7974645901682889 -4.0 0.5
color 0.0 0.6 0.0
sphere -0.4475558361791506 -1.1683041820349516 -4.0 1.5
color 0.0 0.3 1.0
sphere -0.19519551670666932 1.879240112182028 -4.0 0.25

fps 8


plane 0 1 0 3

color 1 1 1
sun 1 1 1

color 1 0 0

color 0 0.6 0

color 0 0.3 1
color 1.0 0.0 0.0
sphere -1.5417565835660358 -1.840561520456557 -4.0 0.5
color 0.0 0.6 0.0
sphere 0.15798894374987554 -0.7865856467433321 -4.0 1.5
color 0.0 0.3 1.0
sphere -0.7861012252045226 1.2172587459964925 -4.0 0.25
