png 200 200 hw5springanchor-057.png

plane 0 1 0 3
plane 0 0 1 8

color .6 .7 .8
sun 1 1 .5
color .4 .3 .2
sun -.5 1 0

color 1 0 0

color 0 1 0

color 0 0 1

color .4 .4 .4

color 1.0 0.0 0.0
sphere -2.0 -1.7024578572774534 -4.0 1.0
color 0.0 1.0 0.0
sphere -2.3938560762304015 -0.25439031902238995 -4.0 0.5
color 0.0 0.0 1.0
sphere -2.5 -1.9458311329025733 -5.8986289147163005 0.5
color 0.4 0.4 0.4
sphere 0.0 2.200000000000003 -4.0 1.0
color 0.4 0.4 0.4
sphere 0.0 -3.5 -4.0 2.0

plane 0 1 0 3
plane 0 0 1 8

color .6 .7 .8
sun 1 1 .5
color .4 .3 .2
sun -.5 1 0

color 1 0 0

color 0 1 0

color 0 0 1

color .4 .4 .4

color 1.0 0.0 0.0
sphere -2.0 -1.7024578572774534 -4.0 1.0
color 0.0 1.0 0.0
sphere -2.3938560762304015 -0.25439031902238995 -4.0 0.5
color 0.0 0.0 1.0
sphere -2.5 -1.9458311329025733 -5.8986289147163005 0.5
color 0.4 0.4 0.4
sphere 0.0 2.200000000000003 -4.0 1.0
color 0.4 0.4 0.4
sphere 0.0 -3.5 -4.0 2.0

plane 0 1 0 3
plane 0 0 1 8

color .6 .7 .8
sun 1 1 .5
color .4 .3 .2
sun -.5 1 0

color 1 0 0

color 0 1 0


plane 0 1 0 3
plane 0 0 1 8

color .6 .7 .8
sun 1 1 .5
color .4 .3 .2
sun -.5 1 0

color 1 0 0

color 0 1 0

color 0 0 1

color .4 .4 .4

color 1.0 0.0 0.0
sphere -2.0 -1.7024578572774534 -4.0 1.0
color 0.0 1.0 0.0
sphere -2.3938560762304015 -0.25439031902238995 -4.0 0.5
color 0.0 0.0 1.0
sphere -2.5 -1.9458311329025733 -5.8986289147163005 0.5
color 0.4 0.4 0.4
sphere 0.0 2.200000000000003 -4.0 1.0
color 0.4 0.4 0.4
sphere 0.0 -3.5 -4.0 2.0

plane 0 1 0 3
plane 0 0 1 8

color .6 .7 .8
sun 1 1 .5
color .4 .3 .2
sun -.5 1 0

color 1 0 0

color 0 1 0

color 0 0 1

color .4 .4 .4

color 1.0 0.0 0.0
sphere -2.0 -1.7024578572774534 -4.0 1.0
color 0.0 1.0 0.0
sphere -2.3938560762304015 -0.25439031902238995 -4.0 0.5
color 0.0 0.0 1.0
sphere -2.5 -1.9458311329025733 -5.8986289147163005 0.5
color 0.4 0.4 0.4
sphere 0.0 2.200000000000003 -4.0 1.0
color 0.4 0.4 0.4
sphere 0.0 -3.5 -4.0 2.0

plane 0 1 0 3
plane 0 0 1 8

color .6 .7 .8
sun 1 1 .5
color .4 .3 .2
sun -.5 1 0

color 1 0 0

color 0 1 0

color 0 0 1

color .4 .4 .4

color 1.0 0.0 0.0
sphere -2.0 -1.7024578572774534 -4.0 1.0
color 0.0 1.0 0.0
sphere -2.3938560762304015 -0.25439031902238995 -4.0 0.5
color 0.0 0.0 1.0
sphere -2.5 -1.9458311329025733 -5.8986289147163005 0.5
color 0.4 0.4 0.4
sphere 0.0 2.200000000000003 -4.0 1.0
color 0.4 0.4 0.4
sphere 0.0 -3.5 -4.0 2.0

plane 0 1 0 3
plane 0 0 1 8

color .6 .7 .8
sun 1 1 .5
color .4 .3 .2
sun -.5 1 0

color 1 0 0

color 0 1 0

color 0 0 1

color .4 .4 .4

color 1.0 0.0 0.0
sphere -2.0 -1.7024578572774534 -4.0 1.0
color 0.0 1.0 0.0
sphere -2.3938560762304015 -0.25439031902238995 -4.0 0.5
color 0.0 0.0 1.0
sphere -2.5 -1.9458311329025733 -5.8986289147163005 0.5
color 0.4 0.4 0.4
sphere 0.0 2.200000000000003 -4.0 1.0
color 0.4 0.4 0.4
sphere 0.0 -3.5 -4.0 2.0

plane 0 1 0 3
plane 0 0 1 8

color .6 .7 .8
sun 1 1 .5
color .4 .3 .2
sun -.5 1 0

color 1 0 0

color 0 1 0

color 0 0 1

color .4 .4 .4

color 1.0 0.0 0.0
sphere -2.0 -1.7024578572774534 -4.0 1.0
color 0.0 1.0 0.0
sphere -2.3938560762304015 -0.25439031902238995 -4.0 0.5
color 0.0 0.0 1.0
sphere -2.5 -1.9458311329025733 -5.8986289147163005 0.5
color 0.4 0.4 0.4
sphere 0.0 2.200000000000003 -4.0 1.0
color 0.4 0.4 0.4
sphere 0.0 -3.5 -4.0 2.0
