png 200 200 hw5springball-037.png

fps 8


plane 0 1 0 3

color 1 1 1
sun 1 1 1

color 1 0 0

color 0 0.6 0

color 0 0.3 1
color 1.0 0.0 0.0
sphere -1.0729033750342643 1.6910119633553549 -4.0 0.5
color 0.0 0.6 0.0
sphere 0.338802792751389 1.7715678948391007 -4.0 0.5
color 0.0 0.3 1.0
sphere 1.6893496123951381 -2.5 -4.0 0.5

fps 8


plane 0 1 0 3

color 1 1 1
sun 1 1 1

color 1 0 0

color 0 0.6 0

color 0 0.3 1
color 1.0 0.0 0.0
sphere -1.0729033750342643 1.6910119633553549 -4.0 0.5
color 0.0 0.6 0.0
sphere 0.338802792751389 1.7715678948391007 -4.0 0.5
color 0.0 0.3 1.0
sphere 1.6893496123951381 -2.5 -4.0 0.5

fps 8


plane 0 1 0 3

color 1 1 1
sun 1 1 1

color 1 0 0

color 0 0.6 0

color 0 0.3 1
color 1.0 0.0 0.0
sphere -1.0729033750342643 1.6910119633553549 -4.0 0.5
color 0.0 0.6 0.0
sphere 0.338802792751389 1.7715678948391007 -4.0 0.5
color 0.0 0.3 1.0
sphere 1.6893496123951381 -2.5 -4.0 0.5

fps 8


plane 0 1 0 3

color 1 1 1
sun 1 1 1

color 1 0 0

color 0 0.6 0

color 0 0.3 1
color 1.0 0.0 0.0
sphere -1.0729033750342643 1.6910119633553549 -4.0 0.5
color 0.0 0.6 0.0
sphere 0.338802792751389 1.7715678948391007 -4.0 0.5
color 0.0 0.3 1.0
sphere 1.6893496123951381 -2.5 -4.0 0.5

fps 8


plane 0 1 0 3

color 1 1 1
sun 1 1 1

color 1 0 0

color 0 0.6 0

color 0 0.3 1
color 1.0 0.0 0.0
sphere -1.0729033750342643 1.6910119633553549 -4.0 0.5
color 0.0 0.6 0.0
sphere 0.338802792751389 1.7715678948391007 -4.0 0.5
color 0.0 0.3 1.0
sphere 1.6893496123951381 -2.5 -4.0 0.5

fps 8


plane 0 1 0 3

color 1 1 1
sun 1 1 1

color 1 0 0

color 0 0.6 0

color 0 0.3 1
color 1.0 0.0 0.0
sphere -1.0729033750342643 1.6910119633553549 -4.0 0.5
color 0.0 0.6 0.0
sphere 0.338802792751389 1.7715678948391007 -4.0 0.5
color 0.0 0.3 1.0
sphere 1.6893496123951381 -2.5 -4.0 0.5
