png 200 200 hw5springradius-019.png

fps 8


plane 0 1 0 3

color 1 1 1
sun 1 1 1

color 1 0 0

color 0 0.6 0

color 0 0.3 1
color 1.0 0.0 0.0
sphere 0.8734560183563217 -2.191814370605471 -4.0 0.5
color 0.0 0.6 0.0
sphere 0.8440577803610315 -0.19203044637696276 -4.0 1.5
color 0.0 0.3 1.0
sphere 2.1681032545783303 2.1565425838738244 -4.0 0.25

fps 8


plane 0 1 0 3

color 1 1 1
sun 1 1 1

color 1 0 0

color 0 0.6 0

color 0 0.3 1
color 1.0 0.0 0.0
sphere 0.8734560183563217 -2.191814370605471 -4.0 0.5
color 0.0 0.6 0.0
sphere 0.8440577803610315 -0.19203044637696276 -4.0 1.5
color 0.0 0.3 1.0
sphere 2.1681032545783303 2.1565425838738244 -4.0 0.25

fps 8


plane 0 1 0 3

color 1 1 1
sun 1 1 1

color 1 0 0

color 0 0.6 0

color 0 0.3 1
color 1.0 0.0 0.0
sphere 0.967563065449952 -2.5 -4.0 0.5
color 0.0 0.6 0.0
sphere 0.3104291521053556 -0.5433075389034345 -4.0 1.5
color 0.0 0.3 1.0
sphere 1.6420800144618917 1.9676029941621145 -4.0 0.25
