png 200 200 hw5springanchor-014.png

plane 0 1 0 3
plane 0 0 1 8

color .6 .7 .8
sun 1 1 .5
color .4 .3 .2
sun -.5 1 0

color 1 0 0

color 0 1 0

color 0 0 1

color .4 .4 .4

color 1.0 0.0 0.0
sphere 0.0 1.9000000000000008 -4.0 1.0
color 0.0 1.0 0.0
sphere 2.039588303838025 0.12208869756448164 -4.0 0.5
color 0.0 0.0 1.0
sphere -0.5722295067730825 -0.30627488647193707 -3.2160371170696287 0.5
color 0.4 0.4 0.4
sphere 0.0 -2.0999999999999988 -4.0 1.0
color 0.4 0.4 0.4
sphere 0.0 -3.5 -4.0 2.0

plane 0 1 0 3
plane 0 0 1 8

color .6 .7 .8
sun 1 1 .5
color .4 .3 .2
sun -.5 1 0

color 1 0 0

color 0 1 0

color 0 0 1

color .4 .4 .4

color 1.0 0.0 0.0
sphere 0.0 1.9000000000000008 -4.0 1.0
color 0.0 1.0 0.0
sphere 2.039588303838025 0.12208869756448164 -4.0 0.5
color 0.0 0.0 1.0
sphere -0.5722295067730825 -0.30627488647193707 -3.2160371170696287 0.5
color 0.4 0.4 0.4
sphere 0.0 -2.0999999999999988 -4.0 1.0
color 0.4 0.4 0.4
sphere 0.0 -3.5 -4.0 2.0

plane 0 1 0 3
plane 0 0 1 8

color .6 .7 .8
sun 1 1 .5
color .4 .3 .2
sun -.5 1 0

color 1 0 0

color 0 1 0


plane 0 1 0 3
plane 0 0 1 8

color .6 .7 .8
sun 1 1 .5
color .4 .3 .2
sun -.5 1 0

color 1 0 0

color 0 1 0

color 0 0 1

color .4 .4 .4

color 1.0 0.0 0.0
sphere 0.0 1.9000000000000008 -4.0 1.0
color 0.0 1.0 0.0
sphere 2.039588303838025 0.12208869756448164 -4.0 0.5
color 0.0 0.0 1.0
sphere -0.5722295067730825 -0.30627488647193707 -3.2160371170696287 0.5
color 0.4 0.4 0.4
sphere 0.0 -2.0999999999999988 -4.0 1.0
color 0.4 0.4 0.4
sphere 0.0 -3.5 -4.0 2.0

plane 0 1 0 3
plane 0 0 1 8

color .6 .7 .8
sun 1 1 .5
color .4 .3 .2
sun -.5 1 0

color 1 0 0

color 0 1 0

color 0 0 1

color .4 .4 .4

color 1.0 0.0 0.0
sphere 0.0 1.9000000000000008 -4.0 1.0
color 0.0 1.0 0.0
sphere 2.039588303838025 0.12208869756448164 -4.0 0.5
color 0.0 0.0 1.0
sphere -0.5722295067730825 -0.30627488647193707 -3.2160371170696287 0.5
color 0.4 0.4 0.4
sphere 0.0 -2.0999999999999988 -4.0 1.0
color 0.4 0.4 0.4
sphere 0.0 -3.5 -4.0 2.0

plane 0 1 0 3
plane 0 0 1 8

color .6 .7 .8
sun 1 1 .5
color .4 .3 .2
sun -.5 1 0

color 1 0 0

color 0 1 0

color 0 0 1

color .4 .4 .4

color 1.0 0.0 0.0
sphere 0.0 1.9000000000000008 -4.0 1.0
color 0.0 1.0 0.0
sphere 2.039588303838025 0.12208869756448164 -4.0 0.5
color 0.0 0.0 1.0
sphere -0.5722295067730825 -0.30627488647193707 -3.2160371170696287 0.5
color 0.4 0.4 0.4
sphere 0.0 -2.0999999999999988 -4.0 1.0
color 0.4 0.4 0.4
sphere 0.0 -3.5 -4.0 2.0

plane 0 1 0 3
plane 0 0 1 8

color .6 .7 .8
sun 1 1 .5
color .4 .3 .2
sun -.5 1 0

color 1 0 0

color 0 1 0

color 0 0 1

color .4 .4 .4

color 1.0 0.0 0.0
sphere 0.0 1.9000000000000008 -4.0 1.0
color 0.0 1.0 0.0
sphere 2.039588303838025 0.12208869756448164 -4.0 0.5
color 0.0 0.0 1.0
sphere -0.5722295067730825 -0.30627488647193707 -3.2160371170696287 0.5
color 0.4 0.4 0.4
sphere 0.0 -2.0999999999999988 -4.0 1.0
color 0.4 0.4 0.4
sphere 0.0 -3.5 -4.0 2.0

plane 0 1 0 3
plane 0 0 1 8

color .6 .7 .8
sun 1 1 .5
color .4 .3 .2
sun -.5 1 0

color 1 0 0

color 0 1 0

color 0 0 1

color .4 .4 .4

color 1.0 0.0 0.0
sphere 0.0 1.9000000000000008 -4.0 1.0
color 0.0 1.0 0.0
sphere 2.039588303838025 0.12208869756448164 -4.0 0.5
color 0.0 0.0 1.0
sphere -0.5722295067730825 -0.30627488647193707 -3.2160371170696287 0.5
color 0.4 0.4 0.4
sphere 0.0 -2.0999999999999988 -4.0 1.0
color 0.4 0.4 0.4
sphere 0.0 -3.5 -4.0 2.0
