png 200 200 hw5springelastic-014.png

fps 8


plane 0 1 0 2

color 1 1 1
sun 1 2 1


color 1.0 1.0 1.0
sphere -2.5 -0.9099999999999999 -4.0 0.49
color 1.0 1.0 1.0
sphere -1.5 -1.41 -4.0 0.49
color 1.0 1.0 1.0
sphere -0.5 -1.4350000000000003 -4.0 0.49
color 1.0 1.0 1.0
sphere 0.5 -1.5100000000000002 -4.0 0.49
color 1.0 1.0 1.0
sphere 1.5 -0.01000000000000019 -4.0 0.49
color 1.0 1.0 1.0
sphere 1.5 -1.5099999999999998 -4.0 0.49
color 1.0 1.0 1.0
sphere 1.5139999999999985 2.400000000000004 -4.0 0.49
