png 200 200 hw5springelastic-021.png

fps 8


plane 0 1 0 2

color 1 1 1
sun 1 2 1


color 1.0 1.0 1.0
sphere -2.5 -1.51 -4.0 0.49
color 1.0 1.0 1.0
sphere -1.5 -1.3396875000000001 -4.0 0.49
color 1.0 1.0 1.0
sphere -0.5 -1.4881250000000001 -4.0 0.49
color 1.0 1.0 1.0
sphere 0.5 -1.51 -4.0 0.49
color 1.0 1.0 1.0
sphere 0.760069634733187 -0.514847503014665 -4.0 0.49
color 1.0 1.0 1.0
sphere 1.9974951920024564 -1.5100000000000002 -4.0 0.49
color 1.0 1.0 1.0
sphere 1.763435173264355 0.068376523771901 -4.0 0.49
