png 200 200 hw5springelasticity-014.png

fps 8


color 1 1 1
sun 1 1 1






color 1.0 1.0 1.0
sphere -0.49999999999999994 2.0 -4.0 0.5
color 1.0 1.0 1.0
sphere 1.9000000000000001 2.0 -4.0 0.5
color 1.0 1.0 1.0
sphere -0.1625 0.0 -4.0 0.5
color 1.0 1.0 1.0
sphere 2.36875 0.0 -4.0 0.5
color 1.0 1.0 1.0
sphere 0.8499999999999996 -2.0 -4.0 0.5
color 1.0 1.0 1.0
sphere 1.8499999999999996 -2.0 -4.0 0.5

fps 8


color 1 1 1
sun 1 1 1






color 1.0 1.0 1.0
sphere -0.49999999999999994 2.0 -4.0 0.5
color 1.0 1.0 1.0
sphere 1.9000000000000001 2.0 -4.0 0.5
color 1.0 1.0 1.0
sphere -0.1625 0.0 -4.0 0.5
color 1.0 1.0 1.0
sphere 2.36875 0.0 -4.0 0.5
color 1.0 1.0 1.0
sphere 0.8499999999999996 -2.0 -4.0 0.5
color 1.0 1.0 1.0
sphere 1.8499999999999996 -2.0 -4.0 0.5
