png 200 200 hw5springradius-031.png

fps 8


plane 0 1 0 3

color 1 1 1
sun 1 1 1

color 1 0 0

color 0 0.6 0

color 0 0.3 1
color 1.0 0.0 0.0
sphere 1.3512631892831444 -0.6923937705048667 -4.0 0.5
color 0.0 0.6 0.0
sphere -1.142322507896476 -1.0146284215590122 -4.0 1.5
color 0.0 0.3 1.0
sphere -0.6257735756539368 0.8013520267754211 -4.0 0.25

fps 8


plane 0 1 0 3

color 1 1 1
sun 1 1 1

color 1 0 0

color 0 0.6 0

color 0 0.3 1
color 1.0 0.0 0.0
sphere 1.3512631892831444 -0.6923937705048667 -4.0 0.5
color 0.0 0.6 0.0
sphere -1.142322507896476 -1.0146284215590122 -4.0 1.5
color 0.0 0.3 1.0
sphere -0.6257735756539368 0.8013520267754211 -4.0 0.25

fps 8


plane 0 1 0 3

color 1 1 1
sun 1 1 1

color 1 0 0

color 0 0.6 0

color 0 0.3 1
color 1.0 0.0 0.0
sphere -2.4381060897300473 -0.4822356003342481 -4.0 0.5
color 0.0 0.6 0.0
sphere 1.0442044366341467 -1.5000000000000002 -4.0 1.5
color 0.0 0.3 1.0
sphere -0.7950838707156723 0.7631991963318672 -4.0 0.25
