png 200 200 hw5springradius-026.png

fps 8


plane 0 1 0 3

color 1 1 1
sun 1 1 1

color 1 0 0

color 0 0.6 0

color 0 0.3 1
color 1.0 0.0 0.0
sphere 1.8299809743627153 -1.8850274698592375 -4.0 0.5
color 0.0 0.6 0.0
sphere 0.5945941713968373 -0.3121894467119882 -4.0 1.5
color 0.0 0.3 1.0
sphere 0.4506715717142319 2.746072240291938 -4.0 0.25

fps 8


plane 0 1 0 3

color 1 1 1
sun 1 1 1

color 1 0 0

color 0 0.6 0

color 0 0.3 1
color 1.0 0.0 0.0
sphere 1.8299809743627153 -1.8850274698592375 -4.0 0.5
color 0.0 0.6 0.0
sphere 0.5945941713968373 -0.3121894467119882 -4.0 1.5
color 0.0 0.3 1.0
sphere 0.4506715717142319 2.746072240291938 -4.0 0.25

fps 8


plane 0 1 0 3

color 1 1 1
sun 1 1 1

color 1 0 0

color 0 0.6 0

color 0 0.3 1
color 1.0 0.0 0.0
sphere 0.12569613887584197 -1.6760205109393944 -4.0 0.5
color 0.0 0.6 0.0
sphere -1.5 -0.2602398466619536 -4.0 1.5
color 0.0 0.3 1.0
sphere -0.7668900157101899 1.1926362393361063 -4.0 0.25
