png 200 200 hw5springmass-021.png

fps 8

color 1 1 1
sun 1 1 1



color 1.0 1.0 1.0
sphere -1.0999999999999999 2.0 -4.0 0.5
color 1.0 1.0 1.0
sphere 1.0999999999999999 2.0 -4.0 0.5
color 1.0 1.0 1.0
sphere -0.7000000000000002 0.0 -4.0 0.5
color 1.0 1.0 1.0
sphere 1.5000000000000002 0.0 -4.0 0.5
color 1.0 1.0 1.0
sphere -0.11818181818181861 -2.0 -4.0 0.5
color 1.0 1.0 1.0
sphere 2.0818181818181816 -2.0 -4.0 0.5

fps 8

color 1 1 1
sun 1 1 1



color 1.0 1.0 1.0
sphere -1.0999999999999999 2.0 -4.0 0.5
color 1.0 1.0 1.0
sphere 1.0999999999999999 2.0 -4.0 0.5
color 1.0 1.0 1.0
sphere -0.7000000000000002 0.0 -4.0 0.5
color 1.0 1.0 1.0
sphere 1.5000000000000002 0.0 -4.0 0.5
color 1.0 1.0 1.0
sphere -0.11818181818181861 -2.0 -4.0 0.5
color 1.0 1.0 1.0
sphere 2.0818181818181816 -2.0 -4.0 0.5
