png 200 200 hw5springanchor-049.png

plane 0 1 0 3
plane 0 0 1 8

color .6 .7 .8
sun 1 1 .5
color .4 .3 .2
sun -.5 1 0

color 1 0 0

color 0 1 0

color 0 0 1

color .4 .4 .4

color 1.0 0.0 0.0
sphere -1.4509994920717542 2.776444867768963 -4.0 1.0
color 0.0 1.0 0.0
sphere 1.2672391770142601 -0.049108666614478436 -4.0 0.5
color 0.0 0.0 1.0
sphere 1.4765794662348748 0.5586121379787989 -7.179725782943261 0.5
color 0.4 0.4 0.4
sphere 0.0 1.4000000000000024 -4.0 1.0
color 0.4 0.4 0.4
sphere 0.0 -3.5 -4.0 2.0

plane 0 1 0 3
plane 0 0 1 8

color .6 .7 .8
sun 1 1 .5
color .4 .3 .2
sun -.5 1 0

color 1 0 0

color 0 1 0

color 0 0 1

color .4 .4 .4

color 1.0 0.0 0.0
sphere -1.4509994920717542 2.776444867768963 -4.0 1.0
color 0.0 1.0 0.0
sphere 1.2672391770142601 -0.049108666614478436 -4.0 0.5
color 0.0 0.0 1.0
sphere 1.4765794662348748 0.5586121379787989 -7.179725782943261 0.5
color 0.4 0.4 0.4
sphere 0.0 1.4000000000000024 -4.0 1.0
color 0.4 0.4 0.4
sphere 0.0 -3.5 -4.0 2.0

plane 0 1 0 3
plane 0 0 1 8

color .6 .7 .8
sun 1 1 .5
color .4 .3 .2
sun -.5 1 0

color 1 0 0

color 0 1 0


plane 0 1 0 3
plane 0 0 1 8

color .6 .7 .8
sun 1 1 .5
color .4 .3 .2
sun -.5 1 0

color 1 0 0

color 0 1 0

color 0 0 1

color .4 .4 .4

color 1.0 0.0 0.0
sphere -1.4509994920717542 2.776444867768963 -4.0 1.0
color 0.0 1.0 0.0
sphere 1.2672391770142601 -0.049108666614478436 -4.0 0.5
color 0.0 0.0 1.0
sphere 1.4765794662348748 0.5586121379787989 -7.179725782943261 0.5
color 0.4 0.4 0.4
sphere 0.0 1.4000000000000024 -4.0 1.0
color 0.4 0.4 0.4
sphere 0.0 -3.5 -4.0 2.0

plane 0 1 0 3
plane 0 0 1 8

color .6 .7 .8
sun 1 1 .5
color .4 .3 .2
sun -.5 1 0

color 1 0 0

color 0 1 0

color 0 0 1

color .4 .4 .4

color 1.0 0.0 0.0
sphere -1.4509994920717542 2.776444867768963 -4.0 1.0
color 0.0 1.0 0.0
sphere 1.2672391770142601 -0.049108666614478436 -4.0 0.5
color 0.0 0.0 1.0
sphere 1.4765794662348748 0.5586121379787989 -7.179725782943261 0.5
color 0.4 0.4 0.4
sphere 0.0 1.4000000000000024 -4.0 1.0
color 0.4 0.4 0.4
sphere 0.0 -3.5 -4.0 2.0

plane 0 1 0 3
plane 0 0 1 8

color .6 .7 .8
sun 1 1 .5
color .4 .3 .2
sun -.5 1 0

color 1 0 0

color 0 1 0

color 0 0 1

color .4 .4 .4

color 1.0 0.0 0.0
sphere -1.4509994920717542 2.776444867768963 -4.0 1.0
color 0.0 1.0 0.0
sphere 1.2672391770142601 -0.049108666614478436 -4.0 0.5
color 0.0 0.0 1.0
sphere 1.4765794662348748 0.5586121379787989 -7.179725782943261 0.5
color 0.4 0.4 0.4
sphere 0.0 1.4000000000000024 -4.0 1.0
color 0.4 0.4 0.4
sphere 0.0 -3.5 -4.0 2.0

plane 0 1 0 3
plane 0 0 1 8

color .6 .7 .8
sun 1 1 .5
color .4 .3 .2
sun -.5 1 0

color 1 0 0

color 0 1 0

color 0 0 1

color .4 .4 .4

color 1.0 0.0 0.0
sphere -1.4509994920717542 2.776444867768963 -4.0 1.0
color 0.0 1.0 0.0
sphere 1.2672391770142601 -0.049108666614478436 -4.0 0.5
color 0.0 0.0 1.0
sphere 1.4765794662348748 0.5586121379787989 -7.179725782943261 0.5
color 0.4 0.4 0.4
sphere 0.0 1.4000000000000024 -4.0 1.0
color 0.4 0.4 0.4
sphere 0.0 -3.5 -4.0 2.0

plane 0 1 0 3
plane 0 0 1 8

color .6 .7 .8
sun 1 1 .5
color .4 .3 .2
sun -.5 1 0

color 1 0 0

color 0 1 0

color 0 0 1

color .4 .4 .4

color 1.0 0.0 0.0
sphere -1.4509994920717542 2.776444867768963 -4.0 1.0
color 0.0 1.0 0.0
sphere 1.2672391770142601 -0.049108666614478436 -4.0 0.5
color 0.0 0.0 1.0
sphere 1.4765794662348748 0.5586121379787989 -7.179725782943261 0.5
color 0.4 0.4 0.4
sphere 0.0 1.4000000000000024 -4.0 1.0
color 0.4 0.4 0.4
sphere 0.0 -3.5 -4.0 2.0
