png 200 200 hw5springmass-030.png

fps 8

color 1 1 1
sun 1 1 1



color 1.0 1.0 1.0
sphere -2.0000000000000004 2.0 -4.0 0.5
color 1.0 1.0 1.0
sphere 2.0000000000000004 2.0 -4.0 0.5
color 1.0 1.0 1.0
sphere -1.0000000000000002 0.0 -4.0 0.5
color 1.0 1.0 1.0
sphere 2.9999999999999996 0.0 -4.0 0.5
color 1.0 1.0 1.0
sphere 0.4545454545454543 -2.0 -4.0 0.5
color 1.0 1.0 1.0
sphere 4.454545454545455 -2.0 -4.0 0.5

fps 8

color 1 1 1
sun 1 1 1



color 1.0 1.0 1.0
sphere -2.0000000000000004 2.0 -4.0 0.5
color 1.0 1.0 1.0
sphere 2.0000000000000004 2.0 -4.0 0.5
color 1.0 1.0 1.0
sphere -1.0000000000000002 0.0 -4.0 0.5
color 1.0 1.0 1.0
sphere 2.9999999999999996 0.0 -4.0 0.5
color 1.0 1.0 1.0
sphere 0.4545454545454543 -2.0 -4.0 0.5
color 1.0 1.0 1.0
sphere 4.454545454545455 -2.0 -4.0 0.5
