png 200 200 hw5springradius-042.png

fps 8


plane 0 1 0 3

color 1 1 1
sun 1 1 1

color 1 0 0

color 0 0.6 0

color 0 0.3 1
color 1.0 0.0 0.0
sphere 1.055437348302565 2.1966237937858275 -4.0 0.5
color 0.0 0.6 0.0
sphere -0.9562129249371549 0.7820426529558901 -4.0 1.5
color 0.0 0.3 1.0
sphere 0.5491461471044154 -1.8539495533901453 -4.0 0.25

fps 8


plane 0 1 0 3

color 1 1 1
sun 1 1 1

color 1 0 0

color 0 0.6 0

color 0 0.3 1
color 1.0 0.0 0.0
sphere 1.055437348302565 2.1966237937858275 -4.0 0.5
color 0.0 0.6 0.0
sphere -0.9562129249371549 0.7820426529558901 -4.0 1.5
color 0.0 0.3 1.0
sphere 0.5491461471044154 -1.8539495533901453 -4.0 0.25

fps 8


plane 0 1 0 3

color 1 1 1
sun 1 1 1

color 1 0 0

color 0 0.6 0

color 0 0.3 1
color 1.0 0.0 0.0
sphere 0.021053442415255086 2.4809925640013386 -4.0 0.5
color 0.0 0.6 0.0
sphere 0.2587763198199211 -1.4462924481357367 -4.0 1.5
color 0.0 0.3 1.0
sphere -1.9824226366824869 -2.1042794457324465 -4.0 0.25
