png 200 200 hw5springball-029.png

fps 8


plane 0 1 0 3

color 1 1 1
sun 1 1 1

color 1 0 0

color 0 0.6 0

color 0 0.3 1
color 1.0 0.0 0.0
sphere -2.1107918295548 -2.5 -4.0 0.5
color 0.0 0.6 0.0
sphere 1.4621493834675237 -2.181339613838847 -4.0 0.5
color 0.0 0.3 1.0
sphere -0.7045644518306551 -0.2023014411893023 -4.0 0.5

fps 8


plane 0 1 0 3

color 1 1 1
sun 1 1 1

color 1 0 0

color 0 0.6 0

color 0 0.3 1
color 1.0 0.0 0.0
sphere -2.1107918295548 -2.5 -4.0 0.5
color 0.0 0.6 0.0
sphere 1.4621493834675237 -2.181339613838847 -4.0 0.5
color 0.0 0.3 1.0
sphere -0.7045644518306551 -0.2023014411893023 -4.0 0.5

fps 8


plane 0 1 0 3

color 1 1 1
sun 1 1 1

color 1 0 0

color 0 0.6 0

color 0 0.3 1
color 1.0 0.0 0.0
sphere -2.1107918295548 -2.5 -4.0 0.5
color 0.0 0.6 0.0
sphere 1.4621493834675237 -2.181339613838847 -4.0 0.5
color 0.0 0.3 1.0
sphere -0.7045644518306551 -0.2023014411893023 -4.0 0.5

fps 8


plane 0 1 0 3

color 1 1 1
sun 1 1 1

color 1 0 0

color 0 0.6 0

color 0 0.3 1
color 1.0 0.0 0.0
sphere -2.1107918295548 -2.5 -4.0 0.5
color 0.0 0.6 0.0
sphere 1.4621493834675237 -2.181339613838847 -4.0 0.5
color 0.0 0.3 1.0
sphere -0.7045644518306551 -0.2023014411893023 -4.0 0.5

fps 8


plane 0 1 0 3

color 1 1 1
sun 1 1 1

color 1 0 0

color 0 0.6 0

color 0 0.3 1
color 1.0 0.0 0.0
sphere -2.1107918295548 -2.5 -4.0 0.5
color 0.0 0.6 0.0
sphere 1.4621493834675237 -2.181339613838847 -4.0 0.5
color 0.0 0.3 1.0
sphere -0.7045644518306551 -0.2023014411893023 -4.0 0.5

fps 8


plane 0 1 0 3

color 1 1 1
sun 1 1 1

color 1 0 0

color 0 0.6 0

color 0 0.3 1
color 1.0 0.0 0.0
sphere -2.1107918295548 -2.5 -4.0 0.5
color 0.0 0.6 0.0
sphere 1.4621493834675237 -2.181339613838847 -4.0 0.5
color 0.0 0.3 1.0
sphere -0.7045644518306551 -0.2023014411893023 -4.0 0.5
