png 200 200 hw5springanchor-081.png

plane 0 1 0 3
plane 0 0 1 8

color .6 .7 .8
sun 1 1 .5
color .4 .3 .2
sun -.5 1 0

color 1 0 0

color 0 1 0

color 0 0 1

color .4 .4 .4

color 1.0 0.0 0.0
sphere 2.0 -0.5296432500055368 -4.989213408302006 1.0
color 0.0 1.0 0.0
sphere 0.5793483065397207 -1.0680551939426015 -4.0 0.5
color 0.0 0.0 1.0
sphere -2.009303030351878 -2.5 -6.267976836097906 0.5
color 0.4 0.4 0.4
sphere 0.0 4.600000000000002 -4.0 1.0
color 0.4 0.4 0.4
sphere 0.0 -3.5 -4.0 2.0

plane 0 1 0 3
plane 0 0 1 8

color .6 .7 .8
sun 1 1 .5
color .4 .3 .2
sun -.5 1 0

color 1 0 0

color 0 1 0

color 0 0 1

color .4 .4 .4

color 1.0 0.0 0.0
sphere 2.0 -0.5296432500055368 -4.989213408302006 1.0
color 0.0 1.0 0.0
sphere 0.5793483065397207 -1.0680551939426015 -4.0 0.5
color 0.0 0.0 1.0
sphere -2.009303030351878 -2.5 -6.267976836097906 0.5
color 0.4 0.4 0.4
sphere 0.0 4.600000000000002 -4.0 1.0
color 0.4 0.4 0.4
sphere 0.0 -3.5 -4.0 2.0

plane 0 1 0 3
plane 0 0 1 8

color .6 .7 .8
sun 1 1 .5
color .4 .3 .2
sun -.5 1 0

color 1 0 0

color 0 1 0

plane 0 1 0 3
plane 0 0 1 8

color .6 .7 .8
sun 1 1 .5
color .4 .3 .2
sun -.5 1 0

color 1 0 0

color 0 1 0

color 0 0 1

color .4 .4 .4

color 1.0 0.0 0.0
sphere 2.0 -0.5296432500055368 -4.989213408302006 1.0
color 0.0 1.0 0.0
sphere 0.5793483065397207 -1.0680551939426015 -4.0 0.5
color 0.0 0.0 1.0
sphere -2.009303030351878 -2.5 -6.267976836097906 0.5
color 0.4 0.4 0.4
sphere 0.0 4.600000000000002 -4.0 1.0
color 0.4 0.4 0.4
sphere 0.0 -3.5 -4.0 2.0

plane 0 1 0 3
plane 0 0 1 8

color .6 .7 .8
sun 1 1 .5
color .4 .3 .2
sun -.5 1 0

color 1 0 0

color 0 1 0

color 0 0 1

color .4 .4 .4

color 1.0 0.0 0.0
sphere 2.0 -0.5296432500055368 -4.989213408302006 1.0
color 0.0 1.0 0.0
sphere 0.5793483065397207 -1.0680551939426015 -4.0 0.5
color 0.0 0.0 1.0
sphere -2.009303030351878 -2.5 -6.267976836097906 0.5
color 0.4 0.4 0.4
sphere 0.0 4.600000000000002 -4.0 1.0
color 0.4 0.4 0.4
sphere 0.0 -3.5 -4.0 2.0

plane 0 1 0 3
plane 0 0 1 8

color .6 .7 .8
sun 1 1 .5
color .4 .3 .2
sun -.5 1 0

color 1 0 0

color 0 1 0

color 0 0 1

color .4 .4 .4

color 1.0 0.0 0.0
sphere 2.0 -0.5296432500055368 -4.989213408302006 1.0
color 0.0 1.0 0.0
sphere 0.5793483065397207 -1.0680551939426015 -4.0 0.5
color 0.0 0.0 1.0
sphere -2.009303030351878 -2.5 -6.267976836097906 0.5
color 0.4 0.4 0.4
sphere 0.0 4.600000000000002 -4.0 1.0
color 0.4 0.4 0.4
sphere 0.0 -3.5 -4.0 2.0

plane 0 1 0 3
plane 0 0 1 8

color .6 .7 .8
sun 1 1 .5
color .4 .3 .2
sun -.5 1 0

color 1 0 0

color 0 1 0

color 0 0 1

color .4 .4 .4

color 1.0 0.0 0.0
sphere 2.0 -0.5296432500055368 -4.989213408302006 1.0
color 0.0 1.0 0.0
sphere 0.5793483065397207 -1.0680551939426015 -4.0 0.5
color 0.0 0.0 1.0
sphere -2.009303030351878 -2.5 -6.267976836097906 0.5
color 0.4 0.4 0.4
sphere 0.0 4.600000000000002 -4.0 1.0
color 0.4 0.4 0.4
sphere 0.0 -3.5 -4.0 2.0

plane 0 1 0 3
plane 0 0 1 8

color .6 .7 .8
sun 1 1 .5
color .4 .3 .2
sun -.5 1 0

color 1 0 0

color 0 1 0

color 0 0 1

color .4 .4 .4

color 1.0 0.0 0.0
sphere 2.0 -0.5296432500055368 -4.989213408302006 1.0
color 0.0 1.0 0.0
sphere 0.5793483065397207 -1.0680551939426015 -4.0 0.5
color 0.0 0.0 1.0
sphere -2.009303030351878 -2.5 -6.267976836097906 0.5
color 0.4 0.4 0.4
sphere 0.0 4.600000000000002 -4.0 1.0
color 0.4 0.4 0.4
sphere 0.0 -3.5 -4.0 2.0
