png 200 200 hw5springanchor-090.png

plane 0 1 0 3
plane 0 0 1 8

color .6 .7 .8
sun 1 1 .5
color .4 .3 .2
sun -.5 1 0

color 1 0 0

color 0 1 0

color 0 0 1

color .4 .4 .4

color 1.0 0.0 0.0
sphere -0.15400931164173182 2.9976351399691947 -6.999999999999999 1.0
color 0.0 1.0 0.0
sphere 1.4030081776031949 -0.4719280254100747 -6.772014122277672 0.5
color 0.0 0.0 1.0
sphere 2.406969696481221 -1.5790048649670132 -6.988262105912956 0.5
color 0.4 0.4 0.4
sphere 0.0 5.499999999999999 -4.0 1.0
color 0.4 0.4 0.4
sphere 0.0 -3.5 -4.0 2.0

plane 0 1 0 3
plane 0 0 1 8

color .6 .7 .8
sun 1 1 .5
color .4 .3 .2
sun -.5 1 0

color 1 0 0

color 0 1 0

color 0 0 1

color .4 .4 .4

color 1.0 0.0 0.0
sphere -0.15400931164173182 2.9976351399691947 -6.999999999999999 1.0
color 0.0 1.0 0.0
sphere 1.4030081776031949 -0.4719280254100747 -6.772014122277672 0.5
color 0.0 0.0 1.0
sphere 2.406969696481221 -1.5790048649670132 -6.988262105912956 0.5
color 0.4 0.4 0.4
sphere 0.0 5.499999999999999 -4.0 1.0
color 0.4 0.4 0.4
sphere 0.0 -3.5 -4.0 2.0

plane 0 1 0 3
plane 0 0 1 8

color .6 .7 .8
sun 1 1 .5
color .4 .3 .2
sun -.5 1 0

color 1 0 0

color 0 1 0

plane 0 1 0 3
plane 0 0 1 8

color .6 .7 .8
sun 1 1 .5
color .4 .3 .2
sun -.5 1 0

color 1 0 0

color 0 1 0

color 0 0 1

color .4 .4 .4

color 1.0 0.0 0.0
sphere -0.15400931164173182 2.9976351399691947 -6.999999999999999 1.0
color 0.0 1.0 0.0
sphere 1.4030081776031949 -0.4719280254100747 -6.772014122277672 0.5
color 0.0 0.0 1.0
sphere 2.406969696481221 -1.5790048649670132 -6.988262105912956 0.5
color 0.4 0.4 0.4
sphere 0.0 5.499999999999999 -4.0 1.0
color 0.4 0.4 0.4
sphere 0.0 -3.5 -4.0 2.0

plane 0 1 0 3
plane 0 0 1 8

color .6 .7 .8
sun 1 1 .5
color .4 .3 .2
sun -.5 1 0

color 1 0 0

color 0 1 0

color 0 0 1

color .4 .4 .4

color 1.0 0.0 0.0
sphere -0.15400931164173182 2.9976351399691947 -6.999999999999999 1.0
color 0.0 1.0 0.0
sphere 1.4030081776031949 -0.4719280254100747 -6.772014122277672 0.5
color 0.0 0.0 1.0
sphere 2.406969696481221 -1.5790048649670132 -6.988262105912956 0.5
color 0.4 0.4 0.4
sphere 0.0 5.499999999999999 -4.0 1.0
color 0.4 0.4 0.4
sphere 0.0 -3.5 -4.0 2.0

plane 0 1 0 3
plane 0 0 1 8

color .6 .7 .8
sun 1 1 .5
color .4 .3 .2
sun -.5 1 0

color 1 0 0

color 0 1 0

color 0 0 1

color .4 .4 .4

color 1.0 0.0 0.0
sphere -0.15400931164173182 2.9976351399691947 -6.999999999999999 1.0
color 0.0 1.0 0.0
sphere 1.4030081776031949 -0.4719280254100747 -6.772014122277672 0.5
color 0.0 0.0 1.0
sphere 2.406969696481221 -1.5790048649670132 -6.988262105912956 0.5
color 0.4 0.4 0.4
sphere 0.0 5.499999999999999 -4.0 1.0
color 0.4 0.4 0.4
sphere 0.0 -3.5 -4.0 2.0

plane 0 1 0 3
plane 0 0 1 8

color .6 .7 .8
sun 1 1 .5
color .4 .3 .2
sun -.5 1 0

color 1 0 0

color 0 1 0

color 0 0 1

color .4 .4 .4

color 1.0 0.0 0.0
sphere -0.15400931164173182 2.9976351399691947 -6.999999999999999 1.0
color 0.0 1.0 0.0
sphere 1.4030081776031949 -0.4719280254100747 -6.772014122277672 0.5
color 0.0 0.0 1.0
sphere 2.406969696481221 -1.5790048649670132 -6.988262105912956 0.5
color 0.4 0.4 0.4
sphere 0.0 5.499999999999999 -4.0 1.0
color 0.4 0.4 0.4
sphere 0.0 -3.5 -4.0 2.0

plane 0 1 0 3
plane 0 0 1 8

color .6 .7 .8
sun 1 1 .5
color .4 .3 .2
sun -.5 1 0

color 1 0 0

color 0 1 0

color 0 0 1

color .4 .4 .4

color 1.0 0.0 0.0
sphere -0.15400931164173182 2.9976351399691947 -6.999999999999999 1.0
color 0.0 1.0 0.0
sphere 1.4030081776031949 -0.4719280254100747 -6.772014122277672 0.5
color 0.0 0.0 1.0
sphere 2.406969696481221 -1.5790048649670132 -6.988262105912956 0.5
color 0.4 0.4 0.4
sphere 0.0 5.499999999999999 -4.0 1.0
color 0.4 0.4 0.4
sphere 0.0 -3.5 -4.0 2.0
