png 200 200 hw5springmass-038.png

fps 8

color 1 1 1
sun 1 1 1



color 1.0 1.0 1.0
sphere -2.800000000000001 2.0 -4.0 0.5
color 1.0 1.0 1.0
sphere 2.800000000000001 2.0 -4.0 0.5
color 1.0 1.0 1.0
sphere -1.2666666666666677 0.0 -4.0 0.5
color 1.0 1.0 1.0
sphere 4.333333333333332 0.0 -4.0 0.5
color 1.0 1.0 1.0
sphere 0.9636363636363638 -2.0 -4.0 0.5
color 1.0 1.0 1.0
sphere 6.563636363636364 -2.0 -4.0 0.5

fps 8

color 1 1 1
sun 1 1 1



color 1.0 1.0 1.0
sphere -2.800000000000001 2.0 -4.0 0.5
color 1.0 1.0 1.0
sphere 2.800000000000001 2.0 -4.0 0.5
color 1.0 1.0 1.0
sphere -1.2666666666666677 0.0 -4.0 0.5
color 1.0 1.0 1.0
sphere 4.333333333333332 0.0 -4.0 0.5
color 1.0 1.0 1.0
sphere 0.9636363636363638 -2.0 -4.0 0.5
color 1.0 1.0 1.0
sphere 6.563636363636364 -2.0 -4.0 0.5
