png 200 200 hw5springelastic-033.png

fps 8


plane 0 1 0 2

color 1 1 1
sun 1 2 1


color 1.0 1.0 1.0
sphere -2.0465988958998182 -0.6946680629812496 -4.0 0.49
color 1.0 1.0 1.0
sphere -2.340577881722073 -1.5100000000000002 -4.0 0.49
color 1.0 1.0 1.0
sphere -1.2211741882794278 -1.3628353269004438 -4.0 0.49
color 1.0 1.0 1.0
sphere 0.2815902976775236 -1.5100000000000002 -4.0 0.49
color 1.0 1.0 1.0
sphere -0.08409646692062678 -0.6877787166359137 -4.0 0.49
color 1.0 1.0 1.0
sphere 2.244455230387623 -1.51 -4.0 0.49
color 1.0 1.0 1.0
sphere 1.260936695766888 -1.5099999999999998 -4.0 0.49
