png 200 200 hw5springmass-013.png

fps 8

color 1 1 1
sun 1 1 1



color 1.0 1.0 1.0
sphere -0.6999999999999993 2.0 -4.0 0.5
color 1.0 1.0 1.0
sphere 0.6999999999999993 2.0 -4.0 0.5
color 1.0 1.0 1.0
sphere -0.6999999999999993 0.0 -4.0 0.5
color 1.0 1.0 1.0
sphere 0.6999999999999993 0.0 -4.0 0.5
color 1.0 1.0 1.0
sphere -0.6999999999999993 -2.0 -4.0 0.5
color 1.0 1.0 1.0
sphere 0.6999999999999993 -2.0 -4.0 0.5

fps 8

color 1 1 1
sun 1 1 1



color 1.0 1.0 1.0
sphere -0.6999999999999993 2.0 -4.0 0.5
color 1.0 1.0 1.0
sphere 0.6999999999999993 2.0 -4.0 0.5
color 1.0 1.0 1.0
sphere -0.6999999999999993 0.0 -4.0 0.5
color 1.0 1.0 1.0
sphere 0.6999999999999993 0.0 -4.0 0.5
color 1.0 1.0 1.0
sphere -0.6999999999999993 -2.0 -4.0 0.5
color 1.0 1.0 1.0
sphere 0.6999999999999993 -2.0 -4.0 0.5
