png 200 200 hw5springanchor-041.png

plane 0 1 0 3
plane 0 0 1 8

color .6 .7 .8
sun 1 1 .5
color .4 .3 .2
sun -.5 1 0

color 1 0 0

color 0 1 0

color 0 0 1

color .4 .4 .4

color 1.0 0.0 0.0
sphere 2.0 4.357110599959089 -4.0 1.0
color 0.0 1.0 0.0
sphere 1.6468748458641282 -0.9284551815146305 -4.0 0.5
color 0.0 0.0 1.0
sphere -0.4531589324697496 -1.8704172806855912 -6.558995700525652 0.5
color 0.4 0.4 0.4
sphere 0.0 0.600000000000002 -4.0 1.0
color 0.4 0.4 0.4
sphere 0.0 -3.5 -4.0 2.0

plane 0 1 0 3
plane 0 0 1 8

color .6 .7 .8
sun 1 1 .5
color .4 .3 .2
sun -.5 1 0

color 1 0 0

color 0 1 0

color 0 0 1

color .4 .4 .4

color 1.0 0.0 0.0
sphere 2.0 4.357110599959089 -4.0 1.0
color 0.0 1.0 0.0
sphere 1.6468748458641282 -0.9284551815146305 -4.0 0.5
color 0.0 0.0 1.0
sphere -0.4531589324697496 -1.8704172806855912 -6.558995700525652 0.5
color 0.4 0.4 0.4
sphere 0.0 0.600000000000002 -4.0 1.0
color 0.4 0.4 0.4
sphere 0.0 -3.5 -4.0 2.0

plane 0 1 0 3
plane 0 0 1 8

color .6 .7 .8
sun 1 1 .5
color .4 .3 .2
sun -.5 1 0

color 1 0 0

color 0 1 0


plane 0 1 0 3
plane 0 0 1 8

color .6 .7 .8
sun 1 1 .5
color .4 .3 .2
sun -.5 1 0

color 1 0 0

color 0 1 0

color 0 0 1

color .4 .4 .4

color 1.0 0.0 0.0
sphere 2.0 4.357110599959089 -4.0 1.0
color 0.0 1.0 0.0
sphere 1.6468748458641282 -0.9284551815146305 -4.0 0.5
color 0.0 0.0 1.0
sphere -0.4531589324697496 -1.8704172806855912 -6.558995700525652 0.5
color 0.4 0.4 0.4
sphere 0.0 0.600000000000002 -4.0 1.0
color 0.4 0.4 0.4
sphere 0.0 -3.5 -4.0 2.0

plane 0 1 0 3
plane 0 0 1 8

color .6 .7 .8
sun 1 1 .5
color .4 .3 .2
sun -.5 1 0

color 1 0 0

color 0 1 0

color 0 0 1

color .4 .4 .4

color 1.0 0.0 0.0
sphere 2.0 4.357110599959089 -4.0 1.0
color 0.0 1.0 0.0
sphere 1.6468748458641282 -0.9284551815146305 -4.0 0.5
color 0.0 0.0 1.0
sphere -0.4531589324697496 -1.8704172806855912 -6.558995700525652 0.5
color 0.4 0.4 0.4
sphere 0.0 0.600000000000002 -4.0 1.0
color 0.4 0.4 0.4
sphere 0.0 -3.5 -4.0 2.0

plane 0 1 0 3
plane 0 0 1 8

color .6 .7 .8
sun 1 1 .5
color .4 .3 .2
sun -.5 1 0

color 1 0 0

color 0 1 0

color 0 0 1

color .4 .4 .4

color 1.0 0.0 0.0
sphere 2.0 4.357110599959089 -4.0 1.0
color 0.0 1.0 0.0
sphere 1.6468748458641282 -0.9284551815146305 -4.0 0.5
color 0.0 0.0 1.0
sphere -0.4531589324697496 -1.8704172806855912 -6.558995700525652 0.5
color 0.4 0.4 0.4
sphere 0.0 0.600000000000002 -4.0 1.0
color 0.4 0.4 0.4
sphere 0.0 -3.5 -4.0 2.0

plane 0 1 0 3
plane 0 0 1 8

color .6 .7 .8
sun 1 1 .5
color .4 .3 .2
sun -.5 1 0

color 1 0 0

color 0 1 0

color 0 0 1

color .4 .4 .4

color 1.0 0.0 0.0
sphere 2.0 4.357110599959089 -4.0 1.0
color 0.0 1.0 0.0
sphere 1.6468748458641282 -0.9284551815146305 -4.0 0.5
color 0.0 0.0 1.0
sphere -0.4531589324697496 -1.8704172806855912 -6.558995700525652 0.5
color 0.4 0.4 0.4
sphere 0.0 0.600000000000002 -4.0 1.0
color 0.4 0.4 0.4
sphere 0.0 -3.5 -4.0 2.0

plane 0 1 0 3
plane 0 0 1 8

color .6 .7 .8
sun 1 1 .5
color .4 .3 .2
sun -.5 1 0

color 1 0 0

color 0 1 0

color 0 0 1

color .4 .4 .4

color 1.0 0.0 0.0
sphere 2.0 4.357110599959089 -4.0 1.0
color 0.0 1.0 0.0
sphere 1.6468748458641282 -0.9284551815146305 -4.0 0.5
color 0.0 0.0 1.0
sphere -0.4531589324697496 -1.8704172806855912 -6.558995700525652 0.5
color 0.4 0.4 0.4
sphere 0.0 0.600000000000002 -4.0 1.0
color 0.4 0.4 0.4
sphere 0.0 -3.5 -4.0 2.0
