png 200 200 hw5springradius-033.png

fps 8


plane 0 1 0 3

color 1 1 1
sun 1 1 1

color 1 0 0

color 0 0.6 0

color 0 0.3 1
color 1.0 0.0 0.0
sphere 1.159776075251316 0.012677049158555595 -4.0 0.5
color 0.0 0.6 0.0
sphere -0.7250639823935 -1.3566959211281227 -4.0 1.5
color 0.0 0.3 1.0
sphere -0.28194907407641095 0.3362745978199002 -4.0 0.25

fps 8


plane 0 1 0 3

color 1 1 1
sun 1 1 1

color 1 0 0

color 0 0.6 0

color 0 0.3 1
color 1.0 0.0 0.0
sphere 1.159776075251316 0.012677049158555595 -4.0 0.5
color 0.0 0.6 0.0
sphere -0.7250639823935 -1.3566959211281227 -4.0 1.5
color 0.0 0.3 1.0
sphere -0.28194907407641095 0.3362745978199002 -4.0 0.25

fps 8


plane 0 1 0 3

color 1 1 1
sun 1 1 1

color 1 0 0

color 0 0.6 0

color 0 0.3 1
color 1.0 0.0 0.0
sphere -2.0518252469179945 0.476090319788061 -4.0 0.5
color 0.0 0.6 0.0
sphere 1.5 -0.6078700298848838 -4.0 1.5
color 0.0 0.3 1.0
sphere -0.804066516226822 -0.09086035333275812 -4.0 0.25
