png 200 200 hw5springelasticity-020.png

fps 8


color 1 1 1
sun 1 1 1






color 1.0 1.0 1.0
sphere -0.8500000000000001 2.0 -4.0 0.5
color 1.0 1.0 1.0
sphere 0.45 2.0 -4.0 0.5
color 1.0 1.0 1.0
sphere 0.06250000000000003 0.0 -4.0 0.5
color 1.0 1.0 1.0
sphere 1.5812499999999994 0.0 -4.0 0.5
color 1.0 1.0 1.0
sphere 1.6249999999999996 -2.0 -4.0 0.5
color 1.0 1.0 1.0
sphere 2.5 -2.0 -4.0 0.5

fps 8


color 1 1 1
sun 1 1 1






color 1.0 1.0 1.0
sphere -0.8500000000000001 2.0 -4.0 0.5
color 1.0 1.0 1.0
sphere 0.45 2.0 -4.0 0.5
color 1.0 1.0 1.0
sphere 0.06250000000000003 0.0 -4.0 0.5
color 1.0 1.0 1.0
sphere 1.5812499999999994 0.0 -4.0 0.5
color 1.0 1.0 1.0
sphere 1.6249999999999996 -2.0 -4.0 0.5
color 1.0 1.0 1.0
sphere 2.5 -2.0 -4.0 0.5
