png 200 200 hw5springmass-035.png

fps 8

color 1 1 1
sun 1 1 1



color 1.0 1.0 1.0
sphere -2.500000000000001 2.0 -4.0 0.5
color 1.0 1.0 1.0
sphere 2.500000000000001 2.0 -4.0 0.5
color 1.0 1.0 1.0
sphere -1.1666666666666674 0.0 -4.0 0.5
color 1.0 1.0 1.0
sphere 3.833333333333332 0.0 -4.0 0.5
color 1.0 1.0 1.0
sphere 0.7727272727272727 -2.0 -4.0 0.5
color 1.0 1.0 1.0
sphere 5.772727272727273 -2.0 -4.0 0.5

fps 8

color 1 1 1
sun 1 1 1



color 1.0 1.0 1.0
sphere -2.500000000000001 2.0 -4.0 0.5
color 1.0 1.0 1.0
sphere 2.500000000000001 2.0 -4.0 0.5
color 1.0 1.0 1.0
sphere -1.1666666666666674 0.0 -4.0 0.5
color 1.0 1.0 1.0
sphere 3.833333333333332 0.0 -4.0 0.5
color 1.0 1.0 1.0
sphere 0.7727272727272727 -2.0 -4.0 0.5
color 1.0 1.0 1.0
sphere 5.772727272727273 -2.0 -4.0 0.5
