png 200 200 hw5springanchor-056.png

plane 0 1 0 3
plane 0 0 1 8

color .6 .7 .8
sun 1 1 .5
color .4 .3 .2
sun -.5 1 0

color 1 0 0

color 0 1 0

color 0 0 1

color .4 .4 .4

color 1.0 0.0 0.0
sphere -1.8353830233425341 -1.126949398426991 -4.0 1.0
color 0.0 1.0 0.0
sphere -2.5 -1.4338525280623773 -4.0 0.5
color 0.0 0.0 1.0
sphere -2.1053924019430634 -1.2827757240424018 -6.0587660232446705 0.5
color 0.4 0.4 0.4
sphere 0.0 2.1000000000000028 -4.0 1.0
color 0.4 0.4 0.4
sphere 0.0 -3.5 -4.0 2.0

plane 0 1 0 3
plane 0 0 1 8

color .6 .7 .8
sun 1 1 .5
color .4 .3 .2
sun -.5 1 0

color 1 0 0

color 0 1 0

color 0 0 1

color .4 .4 .4

color 1.0 0.0 0.0
sphere -1.8353830233425341 -1.126949398426991 -4.0 1.0
color 0.0 1.0 0.0
sphere -2.5 -1.4338525280623773 -4.0 0.5
color 0.0 0.0 1.0
sphere -2.1053924019430634 -1.2827757240424018 -6.0587660232446705 0.5
color 0.4 0.4 0.4
sphere 0.0 2.1000000000000028 -4.0 1.0
color 0.4 0.4 0.4
sphere 0.0 -3.5 -4.0 2.0

plane 0 1 0 3
plane 0 0 1 8

color .6 .7 .8
sun 1 1 .5
color .4 .3 .2
sun -.5 1 0

color 1 0 0

color 0 1 0


plane 0 1 0 3
plane 0 0 1 8

color .6 .7 .8
sun 1 1 .5
color .4 .3 .2
sun -.5 1 0

color 1 0 0

color 0 1 0

color 0 0 1

color .4 .4 .4

color 1.0 0.0 0.0
sphere -1.8353830233425341 -1.126949398426991 -4.0 1.0
color 0.0 1.0 0.0
sphere -2.5 -1.4338525280623773 -4.0 0.5
color 0.0 0.0 1.0
sphere -2.1053924019430634 -1.2827757240424018 -6.0587660232446705 0.5
color 0.4 0.4 0.4
sphere 0.0 2.1000000000000028 -4.0 1.0
color 0.4 0.4 0.4
sphere 0.0 -3.5 -4.0 2.0

plane 0 1 0 3
plane 0 0 1 8

color .6 .7 .8
sun 1 1 .5
color .4 .3 .2
sun -.5 1 0

color 1 0 0

color 0 1 0

color 0 0 1

color .4 .4 .4

color 1.0 0.0 0.0
sphere -1.8353830233425341 -1.126949398426991 -4.0 1.0
color 0.0 1.0 0.0
sphere -2.5 -1.4338525280623773 -4.0 0.5
color 0.0 0.0 1.0
sphere -2.1053924019430634 -1.2827757240424018 -6.0587660232446705 0.5
color 0.4 0.4 0.4
sphere 0.0 2.1000000000000028 -4.0 1.0
color 0.4 0.4 0.4
sphere 0.0 -3.5 -4.0 2.0

plane 0 1 0 3
plane 0 0 1 8

color .6 .7 .8
sun 1 1 .5
color .4 .3 .2
sun -.5 1 0

color 1 0 0

color 0 1 0

color 0 0 1

color .4 .4 .4

color 1.0 0.0 0.0
sphere -1.8353830233425341 -1.126949398426991 -4.0 1.0
color 0.0 1.0 0.0
sphere -2.5 -1.4338525280623773 -4.0 0.5
color 0.0 0.0 1.0
sphere -2.1053924019430634 -1.2827757240424018 -6.0587660232446705 0.5
color 0.4 0.4 0.4
sphere 0.0 2.1000000000000028 -4.0 1.0
color 0.4 0.4 0.4
sphere 0.0 -3.5 -4.0 2.0

plane 0 1 0 3
plane 0 0 1 8

color .6 .7 .8
sun 1 1 .5
color .4 .3 .2
sun -.5 1 0

color 1 0 0

color 0 1 0

color 0 0 1

color .4 .4 .4

color 1.0 0.0 0.0
sphere -1.8353830233425341 -1.126949398426991 -4.0 1.0
color 0.0 1.0 0.0
sphere -2.5 -1.4338525280623773 -4.0 0.5
color 0.0 0.0 1.0
sphere -2.1053924019430634 -1.2827757240424018 -6.0587660232446705 0.5
color 0.4 0.4 0.4
sphere 0.0 2.1000000000000028 -4.0 1.0
color 0.4 0.4 0.4
sphere 0.0 -3.5 -4.0 2.0

plane 0 1 0 3
plane 0 0 1 8

color .6 .7 .8
sun 1 1 .5
color .4 .3 .2
sun -.5 1 0

color 1 0 0

color 0 1 0

color 0 0 1

color .4 .4 .4

color 1.0 0.0 0.0
sphere -1.8353830233425341 -1.126949398426991 -4.0 1.0
color 0.0 1.0 0.0
sphere -2.5 -1.4338525280623773 -4.0 0.5
color 0.0 0.0 1.0
sphere -2.1053924019430634 -1.2827757240424018 -6.0587660232446705 0.5
color 0.4 0.4 0.4
sphere 0.0 2.1000000000000028 -4.0 1.0
color 0.4 0.4 0.4
sphere 0.0 -3.5 -4.0 2.0
