png 200 200 hw5springradius-009.png

fps 8


plane 0 1 0 3

color 1 1 1
sun 1 1 1

color 1 0 0

color 0 0.6 0

color 0 0.3 1
color 1.0 0.0 0.0
sphere -2.3622533344210446 -2.5 -4.0 0.5
color 0.0 0.6 0.0
sphere -0.40924412346308714 -1.17200675915875 -4.0 1.5
color 0.0 0.3 1.0
sphere 2.4281722197251407 -1.6596041330778706 -4.0 0.25

fps 8


plane 0 1 0 3

color 1 1 1
sun 1 1 1

color 1 0 0

color 0 0.6 0

color 0 0.3 1
color 1.0 0.0 0.0
sphere -2.3622533344210446 -2.5 -4.0 0.5
color 0.0 0.6 0.0
sphere -0.40924412346308714 -1.17200675915875 -4.0 1.5
color 0.0 0.3 1.0
sphere 2.4281722197251407 -1.6596041330778706 -4.0 0.25

fps 8


plane 0 1 0 3

color 1 1 1
sun 1 1 1

color 1 0 0

color 0 0.6 0

color 0 0.3 1
color 1.0 0.0 0.0
sphere -2.392346305478658 -2.5 -4.0 0.5
color 0.0 0.6 0.0
sphere -0.3946323122565084 -1.1649530135505326 -4.0 1.5
color 0.0 0.3 1.0
sphere 2.4436533795761766 -1.640349066632634 -4.0 0.25
