png 200 200 hw5springelastic-034.png

fps 8


plane 0 1 0 2

color 1 1 1
sun 1 2 1


color 1.0 1.0 1.0
sphere -1.9713849239159824 -0.5904440552210145 -4.0 0.49
color 1.0 1.0 1.0
sphere -2.320844025432828 -1.5060194679353571 -4.0 0.49
color 1.0 1.0 1.0
sphere -1.1252397790826947 -1.425115485676169 -4.0 0.49
color 1.0 1.0 1.0
sphere 0.22543827400582567 -1.5100000000000002 -4.0 0.49
color 1.0 1.0 1.0
sphere 0.009648311823956892 -0.6839487248141255 -4.0 0.49
color 1.0 1.0 1.0
sphere 2.189370487880923 -1.4923712948765453 -4.0 0.49
color 1.0 1.0 1.0
sphere 1.2022194039627392 -1.51 -4.0 0.49
