png 200 200 hw5springanchor-097.png

plane 0 1 0 3
plane 0 0 1 8

color .6 .7 .8
sun 1 1 .5
color .4 .3 .2
sun -.5 1 0

color 1 0 0

color 0 1 0

color 0 0 1

color .4 .4 .4

color 1.0 0.0 0.0
sphere 0.15400931164173182 0.9536385747362714 -4.657869633442422 1.0
color 0.0 1.0 0.0
sphere -0.516727511591214 -0.5342128712166146 -5.489691701451945 0.5
color 0.0 0.0 1.0
sphere -0.44418181788873257 -0.709331171125772 -7.500000000000001 0.5
color 0.4 0.4 0.4
sphere 0.0 6.199999999999997 -4.0 1.0
color 0.4 0.4 0.4
sphere 0.0 -3.5 -4.0 2.0

plane 0 1 0 3
plane 0 0 1 8

color .6 .7 .8
sun 1 1 .5
color .4 .3 .2
sun -.5 1 0

color 1 0 0

color 0 1 0

color 0 0 1

color .4 .4 .4

color 1.0 0.0 0.0
sphere 0.15400931164173182 0.9536385747362714 -4.657869633442422 1.0
color 0.0 1.0 0.0
sphere -0.516727511591214 -0.5342128712166146 -5.489691701451945 0.5
color 0.0 0.0 1.0
sphere -0.44418181788873257 -0.709331171125772 -7.500000000000001 0.5
color 0.4 0.4 0.4
sphere 0.0 6.199999999999997 -4.0 1.0
color 0.4 0.4 0.4
sphere 0.0 -3.5 -4.0 2.0

plane 0 1 0 3
plane 0 0 1 8

color .6 .7 .8
sun 1 1 .5
color .4 .3 .2
sun -.5 1 0

color 1 0 0

color 0 1 0

plane 0 1 0 3
plane 0 0 1 8

color .6 .7 .8
sun 1 1 .5
color .4 .3 .2
sun -.5 1 0

color 1 0 0

color 0 1 0

color 0 0 1

color .4 .4 .4

color 1.0 0.0 0.0
sphere 0.15400931164173182 0.9536385747362714 -4.657869633442422 1.0
color 0.0 1.0 0.0
sphere -0.516727511591214 -0.5342128712166146 -5.489691701451945 0.5
color 0.0 0.0 1.0
sphere -0.44418181788873257 -0.709331171125772 -7.500000000000001 0.5
color 0.4 0.4 0.4
sphere 0.0 6.199999999999997 -4.0 1.0
color 0.4 0.4 0.4
sphere 0.0 -3.5 -4.0 2.0

plane 0 1 0 3
plane 0 0 1 8

color .6 .7 .8
sun 1 1 .5
color .4 .3 .2
sun -.5 1 0

color 1 0 0

color 0 1 0

color 0 0 1

color .4 .4 .4

color 1.0 0.0 0.0
sphere 0.15400931164173182 0.9536385747362714 -4.657869633442422 1.0
color 0.0 1.0 0.0
sphere -0.516727511591214 -0.5342128712166146 -5.489691701451945 0.5
color 0.0 0.0 1.0
sphere -0.44418181788873257 -0.709331171125772 -7.500000000000001 0.5
color 0.4 0.4 0.4
sphere 0.0 6.199999999999997 -4.0 1.0
color 0.4 0.4 0.4
sphere 0.0 -3.5 -4.0 2.0

plane 0 1 0 3
plane 0 0 1 8

color .6 .7 .8
sun 1 1 .5
color .4 .3 .2
sun -.5 1 0

color 1 0 0

color 0 1 0

color 0 0 1

color .4 .4 .4

color 1.0 0.0 0.0
sphere 0.15400931164173182 0.9536385747362714 -4.657869633442422 1.0
color 0.0 1.0 0.0
sphere -0.516727511591214 -0.5342128712166146 -5.489691701451945 0.5
color 0.0 0.0 1.0
sphere -0.44418181788873257 -0.709331171125772 -7.500000000000001 0.5
color 0.4 0.4 0.4
sphere 0.0 6.199999999999997 -4.0 1.0
color 0.4 0.4 0.4
sphere 0.0 -3.5 -4.0 2.0

plane 0 1 0 3
plane 0 0 1 8

color .6 .7 .8
sun 1 1 .5
color .4 .3 .2
sun -.5 1 0

color 1 0 0

color 0 1 0

color 0 0 1

color .4 .4 .4

color 1.0 0.0 0.0
sphere 0.15400931164173182 0.9536385747362714 -4.657869633442422 1.0
color 0.0 1.0 0.0
sphere -0.516727511591214 -0.5342128712166146 -5.489691701451945 0.5
color 0.0 0.0 1.0
sphere -0.44418181788873257 -0.709331171125772 -7.500000000000001 0.5
color 0.4 0.4 0.4
sphere 0.0 6.199999999999997 -4.0 1.0
color 0.4 0.4 0.4
sphere 0.0 -3.5 -4.0 2.0

plane 0 1 0 3
plane 0 0 1 8

color .6 .7 .8
sun 1 1 .5
color .4 .3 .2
sun -.5 1 0

color 1 0 0

color 0 1 0

color 0 0 1

color .4 .4 .4

color 1.0 0.0 0.0
sphere 0.15400931164173182 0.9536385747362714 -4.657869633442422 1.0
color 0.0 1.0 0.0
sphere -0.516727511591214 -0.5342128712166146 -5.489691701451945 0.5
color 0.0 0.0 1.0
sphere -0.44418181788873257 -0.709331171125772 -7.500000000000001 0.5
color 0.4 0.4 0.4
sphere 0.0 6.199999999999997 -4.0 1.0
color 0.4 0.4 0.4
sphere 0.0 -3.5 -4.0 2.0
