png 200 200 hw5springanchor-062.png

plane 0 1 0 3
plane 0 0 1 8

color .6 .7 .8
sun 1 1 .5
color .4 .3 .2
sun -.5 1 0

color 1 0 0

color 0 1 0

color 0 0 1

color .4 .4 .4

color 1.0 0.0 0.0
sphere -0.8942731392850366 0.25104220641292435 -3.9924021519611963 1.0
color 0.0 1.0 0.0
sphere -1.7480378596349957 -0.9797756617513016 -4.0 0.5
color 0.0 0.0 1.0
sphere 0.06509963440118231 -0.04983201325898285 -5.105541220113254 0.5
color 0.4 0.4 0.4
sphere 0.0 2.7000000000000033 -4.0 1.0
color 0.4 0.4 0.4
sphere 0.0 -3.5 -4.0 2.0

plane 0 1 0 3
plane 0 0 1 8

color .6 .7 .8
sun 1 1 .5
color .4 .3 .2
sun -.5 1 0

color 1 0 0

color 0 1 0

color 0 0 1

color .4 .4 .4

color 1.0 0.0 0.0
sphere -0.8942731392850366 0.25104220641292435 -3.9924021519611963 1.0
color 0.0 1.0 0.0
sphere -1.7480378596349957 -0.9797756617513016 -4.0 0.5
color 0.0 0.0 1.0
sphere 0.06509963440118231 -0.04983201325898285 -5.105541220113254 0.5
color 0.4 0.4 0.4
sphere 0.0 2.7000000000000033 -4.0 1.0
color 0.4 0.4 0.4
sphere 0.0 -3.5 -4.0 2.0

plane 0 1 0 3
plane 0 0 1 8

color .6 .7 .8
sun 1 1 .5
color .4 .3 .2
sun -.5 1 0

color 1 0 0

color 0 1 0


plane 0 1 0 3
plane 0 0 1 8

color .6 .7 .8
sun 1 1 .5
color .4 .3 .2
sun -.5 1 0

color 1 0 0

color 0 1 0

color 0 0 1

color .4 .4 .4

color 1.0 0.0 0.0
sphere -0.8942731392850366 0.25104220641292435 -3.9924021519611963 1.0
color 0.0 1.0 0.0
sphere -1.7480378596349957 -0.9797756617513016 -4.0 0.5
color 0.0 0.0 1.0
sphere 0.06509963440118231 -0.04983201325898285 -5.105541220113254 0.5
color 0.4 0.4 0.4
sphere 0.0 2.7000000000000033 -4.0 1.0
color 0.4 0.4 0.4
sphere 0.0 -3.5 -4.0 2.0

plane 0 1 0 3
plane 0 0 1 8

color .6 .7 .8
sun 1 1 .5
color .4 .3 .2
sun -.5 1 0

color 1 0 0

color 0 1 0

color 0 0 1

color .4 .4 .4

color 1.0 0.0 0.0
sphere -0.8942731392850366 0.25104220641292435 -3.9924021519611963 1.0
color 0.0 1.0 0.0
sphere -1.7480378596349957 -0.9797756617513016 -4.0 0.5
color 0.0 0.0 1.0
sphere 0.06509963440118231 -0.04983201325898285 -5.105541220113254 0.5
color 0.4 0.4 0.4
sphere 0.0 2.7000000000000033 -4.0 1.0
color 0.4 0.4 0.4
sphere 0.0 -3.5 -4.0 2.0

plane 0 1 0 3
plane 0 0 1 8

color .6 .7 .8
sun 1 1 .5
color .4 .3 .2
sun -.5 1 0

color 1 0 0

color 0 1 0

color 0 0 1

color .4 .4 .4

color 1.0 0.0 0.0
sphere -0.8942731392850366 0.25104220641292435 -3.9924021519611963 1.0
color 0.0 1.0 0.0
sphere -1.7480378596349957 -0.9797756617513016 -4.0 0.5
color 0.0 0.0 1.0
sphere 0.06509963440118231 -0.04983201325898285 -5.105541220113254 0.5
color 0.4 0.4 0.4
sphere 0.0 2.7000000000000033 -4.0 1.0
color 0.4 0.4 0.4
sphere 0.0 -3.5 -4.0 2.0

plane 0 1 0 3
plane 0 0 1 8

color .6 .7 .8
sun 1 1 .5
color .4 .3 .2
sun -.5 1 0

color 1 0 0

color 0 1 0

color 0 0 1

color .4 .4 .4

color 1.0 0.0 0.0
sphere -0.8942731392850366 0.25104220641292435 -3.9924021519611963 1.0
color 0.0 1.0 0.0
sphere -1.7480378596349957 -0.9797756617513016 -4.0 0.5
color 0.0 0.0 1.0
sphere 0.06509963440118231 -0.04983201325898285 -5.105541220113254 0.5
color 0.4 0.4 0.4
sphere 0.0 2.7000000000000033 -4.0 1.0
color 0.4 0.4 0.4
sphere 0.0 -3.5 -4.0 2.0

plane 0 1 0 3
plane 0 0 1 8

color .6 .7 .8
sun 1 1 .5
color .4 .3 .2
sun -.5 1 0

color 1 0 0

color 0 1 0

color 0 0 1

color .4 .4 .4

color 1.0 0.0 0.0
sphere -0.8942731392850366 0.25104220641292435 -3.9924021519611963 1.0
color 0.0 1.0 0.0
sphere -1.7480378596349957 -0.9797756617513016 -4.0 0.5
color 0.0 0.0 1.0
sphere 0.06509963440118231 -0.04983201325898285 -5.105541220113254 0.5
color 0.4 0.4 0.4
sphere 0.0 2.7000000000000033 -4.0 1.0
color 0.4 0.4 0.4
sphere 0.0 -3.5 -4.0 2.0
