png 200 200 hw5springelastic-041.png

fps 8


plane 0 1 0 2

color 1 1 1
sun 1 2 1


color 1.0 1.0 1.0
sphere -1.6703749739732774 -1.5099999999999998 -4.0 0.49
color 1.0 1.0 1.0
sphere -2.5100000000000002 -1.4523998421160265 -4.0 0.49
color 1.0 1.0 1.0
sphere -0.8053368998975529 -1.5099999999999998 -4.0 0.49
color 1.0 1.0 1.0
sphere 0.1350091524690936 -1.51 -4.0 0.49
color 1.0 1.0 1.0
sphere 0.7555799139724958 -0.7843706579474495 -4.0 0.49
color 1.0 1.0 1.0
sphere 2.1280023314240886 -1.5099999999999998 -4.0 0.49
color 1.0 1.0 1.0
sphere 1.1516988924123095 -1.5100000000000002 -4.0 0.49
