png 200 200 hw5springradius-018.png

fps 8


plane 0 1 0 3

color 1 1 1
sun 1 1 1

color 1 0 0

color 0 0.6 0

color 0 0.3 1
color 1.0 0.0 0.0
sphere 0.4876695177452996 -2.5 -4.0 0.5
color 0.0 0.6 0.0
sphere 0.8085129750206705 -0.15979886751738814 -4.0 1.5
color 0.0 0.3 1.0
sphere 2.459051627289165 1.8647468592730505 -4.0 0.25

fps 8


plane 0 1 0 3

color 1 1 1
sun 1 1 1

color 1 0 0

color 0 0.6 0

color 0 0.3 1
color 1.0 0.0 0.0
sphere 0.4876695177452996 -2.5 -4.0 0.5
color 0.0 0.6 0.0
sphere 0.8085129750206705 -0.15979886751738814 -4.0 1.5
color 0.0 0.3 1.0
sphere 2.459051627289165 1.8647468592730505 -4.0 0.25

fps 8


plane 0 1 0 3

color 1 1 1
sun 1 1 1

color 1 0 0

color 0 0.6 0

color 0 0.3 1
color 1.0 0.0 0.0
sphere 0.5341176822687079 -2.4427707022331786 -4.0 0.5
color 0.0 0.6 0.0
sphere 0.415029892077902 -0.18983556763969162 -4.0 1.5
color 0.0 0.3 1.0
sphere 2.011386676307928 1.7157960097090756 -4.0 0.25
