png 200 200 hw5springball-019.png

fps 8


plane 0 1 0 3

color 1 1 1
sun 1 1 1

color 1 0 0

color 0 0.6 0

color 0 0.3 1
color 1.0 0.0 0.0
sphere -1.9135495550346633 0.4570758939233571 -4.0 0.5
color 0.0 0.6 0.0
sphere -0.6045764350554131 -0.7101334166930229 -4.0 0.5
color 0.0 0.3 1.0
sphere -1.0815796424665314 -1.5890349698373472 -4.0 0.5

fps 8


plane 0 1 0 3

color 1 1 1
sun 1 1 1

color 1 0 0

color 0 0.6 0

color 0 0.3 1
color 1.0 0.0 0.0
sphere -1.9135495550346633 0.4570758939233571 -4.0 0.5
color 0.0 0.6 0.0
sphere -0.6045764350554131 -0.7101334166930229 -4.0 0.5
color 0.0 0.3 1.0
sphere -1.0815796424665314 -1.5890349698373472 -4.0 0.5

fps 8


plane 0 1 0 3

color 1 1 1
sun 1 1 1

color 1 0 0

color 0 0.6 0

color 0 0.3 1
color 1.0 0.0 0.0
sphere -1.9135495550346633 0.4570758939233571 -4.0 0.5
color 0.0 0.6 0.0
sphere -0.6045764350554131 -0.7101334166930229 -4.0 0.5
color 0.0 0.3 1.0
sphere -1.0815796424665314 -1.5890349698373472 -4.0 0.5

fps 8


plane 0 1 0 3

color 1 1 1
sun 1 1 1

color 1 0 0

color 0 0.6 0

color 0 0.3 1
color 1.0 0.0 0.0
sphere -1.9135495550346633 0.4570758939233571 -4.0 0.5
color 0.0 0.6 0.0
sphere -0.6045764350554131 -0.7101334166930229 -4.0 0.5
color 0.0 0.3 1.0
sphere -1.0815796424665314 -1.5890349698373472 -4.0 0.5

fps 8


plane 0 1 0 3

color 1 1 1
sun 1 1 1

color 1 0 0

color 0 0.6 0

color 0 0.3 1
color 1.0 0.0 0.0
sphere -1.9135495550346633 0.4570758939233571 -4.0 0.5
color 0.0 0.6 0.0
sphere -0.6045764350554131 -0.7101334166930229 -4.0 0.5
color 0.0 0.3 1.0
sphere -1.0815796424665314 -1.5890349698373472 -4.0 0.5

fps 8


plane 0 1 0 3

color 1 1 1
sun 1 1 1

color 1 0 0

color 0 0.6 0

color 0 0.3 1
color 1.0 0.0 0.0
sphere -1.9135495550346633 0.4570758939233571 -4.0 0.5
color 0.0 0.6 0.0
sphere -0.6045764350554131 -0.7101334166930229 -4.0 0.5
color 0.0 0.3 1.0
sphere -1.0815796424665314 -1.5890349698373472 -4.0 0.5
