png 200 200 hw5springanchor-017.png

plane 0 1 0 3
plane 0 0 1 8

color .6 .7 .8
sun 1 1 .5
color .4 .3 .2
sun -.5 1 0

color 1 0 0

color 0 1 0

color 0 0 1

color .4 .4 .4

color 1.0 0.0 0.0
sphere 0.0 2.6500000000000012 -4.0 1.0
color 0.0 1.0 0.0
sphere 2.5 2.095657382406701 -4.0 0.5
color 0.0 0.0 1.0
sphere 0.38439569301202703 -0.035006390702024034 -4.290092792674072 0.5
color 0.4 0.4 0.4
sphere 0.0 -1.7999999999999985 -4.0 1.0
color 0.4 0.4 0.4
sphere 0.0 -3.5 -4.0 2.0

plane 0 1 0 3
plane 0 0 1 8

color .6 .7 .8
sun 1 1 .5
color .4 .3 .2
sun -.5 1 0

color 1 0 0

color 0 1 0

color 0 0 1

color .4 .4 .4

color 1.0 0.0 0.0
sphere 0.0 2.6500000000000012 -4.0 1.0
color 0.0 1.0 0.0
sphere 2.5 2.095657382406701 -4.0 0.5
color 0.0 0.0 1.0
sphere 0.38439569301202703 -0.035006390702024034 -4.290092792674072 0.5
color 0.4 0.4 0.4
sphere 0.0 -1.7999999999999985 -4.0 1.0
color 0.4 0.4 0.4
sphere 0.0 -3.5 -4.0 2.0

plane 0 1 0 3
plane 0 0 1 8

color .6 .7 .8
sun 1 1 .5
color .4 .3 .2
sun -.5 1 0

color 1 0 0

color 0 1 0


plane 0 1 0 3
plane 0 0 1 8

color .6 .7 .8
sun 1 1 .5
color .4 .3 .2
sun -.5 1 0

color 1 0 0

color 0 1 0

color 0 0 1

color .4 .4 .4

color 1.0 0.0 0.0
sphere 0.0 2.6500000000000012 -4.0 1.0
color 0.0 1.0 0.0
sphere 2.5 2.095657382406701 -4.0 0.5
color 0.0 0.0 1.0
sphere 0.38439569301202703 -0.035006390702024034 -4.290092792674072 0.5
color 0.4 0.4 0.4
sphere 0.0 -1.7999999999999985 -4.0 1.0
color 0.4 0.4 0.4
sphere 0.0 -3.5 -4.0 2.0

plane 0 1 0 3
plane 0 0 1 8

color .6 .7 .8
sun 1 1 .5
color .4 .3 .2
sun -.5 1 0

color 1 0 0

color 0 1 0

color 0 0 1

color .4 .4 .4

color 1.0 0.0 0.0
sphere 0.0 2.6500000000000012 -4.0 1.0
color 0.0 1.0 0.0
sphere 2.5 2.095657382406701 -4.0 0.5
color 0.0 0.0 1.0
sphere 0.38439569301202703 -0.035006390702024034 -4.290092792674072 0.5
color 0.4 0.4 0.4
sphere 0.0 -1.7999999999999985 -4.0 1.0
color 0.4 0.4 0.4
sphere 0.0 -3.5 -4.0 2.0

plane 0 1 0 3
plane 0 0 1 8

color .6 .7 .8
sun 1 1 .5
color .4 .3 .2
sun -.5 1 0

color 1 0 0

color 0 1 0

color 0 0 1

color .4 .4 .4

color 1.0 0.0 0.0
sphere 0.0 2.6500000000000012 -4.0 1.0
color 0.0 1.0 0.0
sphere 2.5 2.095657382406701 -4.0 0.5
color 0.0 0.0 1.0
sphere 0.38439569301202703 -0.035006390702024034 -4.290092792674072 0.5
color 0.4 0.4 0.4
sphere 0.0 -1.7999999999999985 -4.0 1.0
color 0.4 0.4 0.4
sphere 0.0 -3.5 -4.0 2.0

plane 0 1 0 3
plane 0 0 1 8

color .6 .7 .8
sun 1 1 .5
color .4 .3 .2
sun -.5 1 0

color 1 0 0

color 0 1 0

color 0 0 1

color .4 .4 .4

color 1.0 0.0 0.0
sphere 0.0 2.6500000000000012 -4.0 1.0
color 0.0 1.0 0.0
sphere 2.5 2.095657382406701 -4.0 0.5
color 0.0 0.0 1.0
sphere 0.38439569301202703 -0.035006390702024034 -4.290092792674072 0.5
color 0.4 0.4 0.4
sphere 0.0 -1.7999999999999985 -4.0 1.0
color 0.4 0.4 0.4
sphere 0.0 -3.5 -4.0 2.0

plane 0 1 0 3
plane 0 0 1 8

color .6 .7 .8
sun 1 1 .5
color .4 .3 .2
sun -.5 1 0

color 1 0 0

color 0 1 0

color 0 0 1

color .4 .4 .4

color 1.0 0.0 0.0
sphere 0.0 2.6500000000000012 -4.0 1.0
color 0.0 1.0 0.0
sphere 2.5 2.095657382406701 -4.0 0.5
color 0.0 0.0 1.0
sphere 0.38439569301202703 -0.035006390702024034 -4.290092792674072 0.5
color 0.4 0.4 0.4
sphere 0.0 -1.7999999999999985 -4.0 1.0
color 0.4 0.4 0.4
sphere 0.0 -3.5 -4.0 2.0
