png 200 200 hw5springball-015.png

fps 8


plane 0 1 0 3

color 1 1 1
sun 1 1 1

color 1 0 0

color 0 0.6 0

color 0 0.3 1
color 1.0 0.0 0.0
sphere -0.7704359818252212 -2.5 -4.0 0.5
color 0.0 0.6 0.0
sphere 0.2679971858987726 -1.2983005051011889 -4.0 0.5
color 0.0 0.3 1.0
sphere 0.5027331633698431 -0.32624133978217335 -4.0 0.5

fps 8


plane 0 1 0 3

color 1 1 1
sun 1 1 1

color 1 0 0

color 0 0.6 0

color 0 0.3 1
color 1.0 0.0 0.0
sphere -0.7704359818252212 -2.5 -4.0 0.5
color 0.0 0.6 0.0
sphere 0.2679971858987726 -1.2983005051011889 -4.0 0.5
color 0.0 0.3 1.0
sphere 0.5027331633698431 -0.32624133978217335 -4.0 0.5

fps 8


plane 0 1 0 3

color 1 1 1
sun 1 1 1

color 1 0 0

color 0 0.6 0

color 0 0.3 1
color 1.0 0.0 0.0
sphere -0.7704359818252212 -2.5 -4.0 0.5
color 0.0 0.6 0.0
sphere 0.2679971858987726 -1.2983005051011889 -4.0 0.5
color 0.0 0.3 1.0
sphere 0.5027331633698431 -0.32624133978217335 -4.0 0.5

fps 8


plane 0 1 0 3

color 1 1 1
sun 1 1 1

color 1 0 0

color 0 0.6 0

color 0 0.3 1
color 1.0 0.0 0.0
sphere -0.7704359818252212 -2.5 -4.0 0.5
color 0.0 0.6 0.0
sphere 0.2679971858987726 -1.2983005051011889 -4.0 0.5
color 0.0 0.3 1.0
sphere 0.5027331633698431 -0.32624133978217335 -4.0 0.5

fps 8


plane 0 1 0 3

color 1 1 1
sun 1 1 1

color 1 0 0

color 0 0.6 0

color 0 0.3 1
color 1.0 0.0 0.0
sphere -0.7704359818252212 -2.5 -4.0 0.5
color 0.0 0.6 0.0
sphere 0.2679971858987726 -1.2983005051011889 -4.0 0.5
color 0.0 0.3 1.0
sphere 0.5027331633698431 -0.32624133978217335 -4.0 0.5

fps 8


plane 0 1 0 3

color 1 1 1
sun 1 1 1

color 1 0 0

color 0 0.6 0

color 0 0.3 1
color 1.0 0.0 0.0
sphere -0.7704359818252212 -2.5 -4.0 0.5
color 0.0 0.6 0.0
sphere 0.2679971858987726 -1.2983005051011889 -4.0 0.5
color 0.0 0.3 1.0
sphere 0.5027331633698431 -0.32624133978217335 -4.0 0.5
