png 200 200 hw5springradius-028.png

fps 8


plane 0 1 0 3

color 1 1 1
sun 1 1 1

color 1 0 0

color 0 0.6 0

color 0 0.3 1
color 1.0 0.0 0.0
sphere 1.638493860330887 -2.5 -4.0 0.5
color 0.0 0.6 0.0
sphere -0.10017250032048797 -0.7829326035939638 -4.0 1.5
color 0.0 0.3 1.0
sphere 0.020093512766964416 2.2681841548853314 -4.0 0.25

fps 8


plane 0 1 0 3

color 1 1 1
sun 1 1 1

color 1 0 0

color 0 0.6 0

color 0 0.3 1
color 1.0 0.0 0.0
sphere 1.638493860330887 -2.5 -4.0 0.5
color 0.0 0.6 0.0
sphere -0.10017250032048797 -0.7829326035939638 -4.0 1.5
color 0.0 0.3 1.0
sphere 0.020093512766964416 2.2681841548853314 -4.0 0.25

fps 8


plane 0 1 0 3

color 1 1 1
sun 1 1 1

color 1 0 0

color 0 0.6 0

color 0 0.3 1
color 1.0 0.0 0.0
sphere -0.8198673804372434 -2.5 -4.0 0.5
color 0.0 0.6 0.0
sphere -0.5588332527390467 -0.6602451422034854 -4.0 1.5
color 0.0 0.3 1.0
sphere -0.7816099024489478 1.2942885208288053 -4.0 0.25
