png 200 200 hw5springanchor-115.png

plane 0 1 0 3
plane 0 0 1 8

color .6 .7 .8
sun 1 1 .5
color .4 .3 .2
sun -.5 1 0

color 1 0 0

color 0 1 0

color 0 0 1

color .4 .4 .4

color 1.0 0.0 0.0
sphere -1.7686033649634498 1.1405661267329772 -5.882229713485825 1.0
color 0.0 1.0 0.0
sphere -1.3929818302025114 -2.2544543409600295 -5.978439894549321 0.5
color 0.0 0.0 1.0
sphere 0.15144297928812733 6.454862604572672 -6.075083861606853 0.5
color 0.4 0.4 0.4
sphere 0.0 7.99999999999999 -4.0 1.0
color 0.4 0.4 0.4
sphere 0.0 -3.5 -4.0 2.0

plane 0 1 0 3
plane 0 0 1 8

color .6 .7 .8
sun 1 1 .5
color .4 .3 .2
sun -.5 1 0

color 1 0 0

color 0 1 0

color 0 0 1

color .4 .4 .4

color 1.0 0.0 0.0
sphere -1.7686033649634498 1.1405661267329772 -5.882229713485825 1.0
color 0.0 1.0 0.0
sphere -1.3929818302025114 -2.2544543409600295 -5.978439894549321 0.5
color 0.0 0.0 1.0
sphere 0.15144297928812733 6.454862604572672 -6.075083861606853 0.5
color 0.4 0.4 0.4
sphere 0.0 7.99999999999999 -4.0 1.0
color 0.4 0.4 0.4
sphere 0.0 -3.5 -4.0 2.0

plane 0 1 0 3
plane 0 0 1 8

color .6 .7 .8
sun 1 1 .5
color .4 .3 .2
sun -.5 1 0

color 1 0 0

color 0 1 0

plane 0 1 0 3
plane 0 0 1 8

color .6 .7 .8
sun 1 1 .5
color .4 .3 .2
sun -.5 1 0

color 1 0 0

color 0 1 0

color 0 0 1

color .4 .4 .4

color 1.0 0.0 0.0
sphere -1.7686033649634498 1.1405661267329772 -5.882229713485825 1.0
color 0.0 1.0 0.0
sphere -1.3929818302025114 -2.2544543409600295 -5.978439894549321 0.5
color 0.0 0.0 1.0
sphere 0.15144297928812733 6.454862604572672 -6.075083861606853 0.5
color 0.4 0.4 0.4
sphere 0.0 7.99999999999999 -4.0 1.0
color 0.4 0.4 0.4
sphere 0.0 -3.5 -4.0 2.0

plane 0 1 0 3
plane 0 0 1 8

color .6 .7 .8
sun 1 1 .5
color .4 .3 .2
sun -.5 1 0

color 1 0 0

color 0 1 0

color 0 0 1

color .4 .4 .4

color 1.0 0.0 0.0
sphere -1.7686033649634498 1.1405661267329772 -5.882229713485825 1.0
color 0.0 1.0 0.0
sphere -1.3929818302025114 -2.2544543409600295 -5.978439894549321 0.5
color 0.0 0.0 1.0
sphere 0.15144297928812733 6.454862604572672 -6.075083861606853 0.5
color 0.4 0.4 0.4
sphere 0.0 7.99999999999999 -4.0 1.0
color 0.4 0.4 0.4
sphere 0.0 -3.5 -4.0 2.0

plane 0 1 0 3
plane 0 0 1 8

color .6 .7 .8
sun 1 1 .5
color .4 .3 .2
sun -.5 1 0

color 1 0 0

color 0 1 0

color 0 0 1

color .4 .4 .4

color 1.0 0.0 0.0
sphere -1.7686033649634498 1.1405661267329772 -5.882229713485825 1.0
color 0.0 1.0 0.0
sphere -1.3929818302025114 -2.2544543409600295 -5.978439894549321 0.5
color 0.0 0.0 1.0
sphere 0.15144297928812733 6.454862604572672 -6.075083861606853 0.5
color 0.4 0.4 0.4
sphere 0.0 7.99999999999999 -4.0 1.0
color 0.4 0.4 0.4
sphere 0.0 -3.5 -4.0 2.0

plane 0 1 0 3
plane 0 0 1 8

color .6 .7 .8
sun 1 1 .5
color .4 .3 .2
sun -.5 1 0

color 1 0 0

color 0 1 0

color 0 0 1

color .4 .4 .4

color 1.0 0.0 0.0
sphere -1.7686033649634498 1.1405661267329772 -5.882229713485825 1.0
color 0.0 1.0 0.0
sphere -1.3929818302025114 -2.2544543409600295 -5.978439894549321 0.5
color 0.0 0.0 1.0
sphere 0.15144297928812733 6.454862604572672 -6.075083861606853 0.5
color 0.4 0.4 0.4
sphere 0.0 7.99999999999999 -4.0 1.0
color 0.4 0.4 0.4
sphere 0.0 -3.5 -4.0 2.0

plane 0 1 0 3
plane 0 0 1 8

color .6 .7 .8
sun 1 1 .5
color .4 .3 .2
sun -.5 1 0

color 1 0 0

color 0 1 0

color 0 0 1

color .4 .4 .4

color 1.0 0.0 0.0
sphere -1.7686033649634498 1.1405661267329772 -5.882229713485825 1.0
color 0.0 1.0 0.0
sphere -1.3929818302025114 -2.2544543409600295 -5.978439894549321 0.5
color 0.0 0.0 1.0
sphere 0.15144297928812733 6.454862604572672 -6.075083861606853 0.5
color 0.4 0.4 0.4
sphere 0.0 7.99999999999999 -4.0 1.0
color 0.4 0.4 0.4
sphere 0.0 -3.5 -4.0 2.0
