png 200 200 hw5springanchor-051.png

plane 0 1 0 3
plane 0 0 1 8

color .6 .7 .8
sun 1 1 .5
color .4 .3 .2
sun -.5 1 0

color 1 0 0

color 0 1 0

color 0 0 1

color .4 .4 .4

color 1.0 0.0 0.0
sphere -1.9671411772620004 1.9610479036364465 -4.0 1.0
color 0.0 1.0 0.0
sphere 0.03447835402852051 -0.3138696058589343 -4.0 0.5
color 0.0 0.0 1.0
sphere 0.4531589324697496 0.5325013202584559 -6.859451565886521 0.5
color 0.4 0.4 0.4
sphere 0.0 1.6000000000000025 -4.0 1.0
color 0.4 0.4 0.4
sphere 0.0 -3.5 -4.0 2.0

plane 0 1 0 3
plane 0 0 1 8

color .6 .7 .8
sun 1 1 .5
color .4 .3 .2
sun -.5 1 0

color 1 0 0

color 0 1 0

color 0 0 1

color .4 .4 .4

color 1.0 0.0 0.0
sphere -1.9671411772620004 1.9610479036364465 -4.0 1.0
color 0.0 1.0 0.0
sphere 0.03447835402852051 -0.3138696058589343 -4.0 0.5
color 0.0 0.0 1.0
sphere 0.4531589324697496 0.5325013202584559 -6.859451565886521 0.5
color 0.4 0.4 0.4
sphere 0.0 1.6000000000000025 -4.0 1.0
color 0.4 0.4 0.4
sphere 0.0 -3.5 -4.0 2.0

plane 0 1 0 3
plane 0 0 1 8

color .6 .7 .8
sun 1 1 .5
color .4 .3 .2
sun -.5 1 0

color 1 0 0

color 0 1 0


plane 0 1 0 3
plane 0 0 1 8

color .6 .7 .8
sun 1 1 .5
color .4 .3 .2
sun -.5 1 0

color 1 0 0

color 0 1 0

color 0 0 1

color .4 .4 .4

color 1.0 0.0 0.0
sphere -1.9671411772620004 1.9610479036364465 -4.0 1.0
color 0.0 1.0 0.0
sphere 0.03447835402852051 -0.3138696058589343 -4.0 0.5
color 0.0 0.0 1.0
sphere 0.4531589324697496 0.5325013202584559 -6.859451565886521 0.5
color 0.4 0.4 0.4
sphere 0.0 1.6000000000000025 -4.0 1.0
color 0.4 0.4 0.4
sphere 0.0 -3.5 -4.0 2.0

plane 0 1 0 3
plane 0 0 1 8

color .6 .7 .8
sun 1 1 .5
color .4 .3 .2
sun -.5 1 0

color 1 0 0

color 0 1 0

color 0 0 1

color .4 .4 .4

color 1.0 0.0 0.0
sphere -1.9671411772620004 1.9610479036364465 -4.0 1.0
color 0.0 1.0 0.0
sphere 0.03447835402852051 -0.3138696058589343 -4.0 0.5
color 0.0 0.0 1.0
sphere 0.4531589324697496 0.5325013202584559 -6.859451565886521 0.5
color 0.4 0.4 0.4
sphere 0.0 1.6000000000000025 -4.0 1.0
color 0.4 0.4 0.4
sphere 0.0 -3.5 -4.0 2.0

plane 0 1 0 3
plane 0 0 1 8

color .6 .7 .8
sun 1 1 .5
color .4 .3 .2
sun -.5 1 0

color 1 0 0

color 0 1 0

color 0 0 1

color .4 .4 .4

color 1.0 0.0 0.0
sphere -1.9671411772620004 1.9610479036364465 -4.0 1.0
color 0.0 1.0 0.0
sphere 0.03447835402852051 -0.3138696058589343 -4.0 0.5
color 0.0 0.0 1.0
sphere 0.4531589324697496 0.5325013202584559 -6.859451565886521 0.5
color 0.4 0.4 0.4
sphere 0.0 1.6000000000000025 -4.0 1.0
color 0.4 0.4 0.4
sphere 0.0 -3.5 -4.0 2.0

plane 0 1 0 3
plane 0 0 1 8

color .6 .7 .8
sun 1 1 .5
color .4 .3 .2
sun -.5 1 0

color 1 0 0

color 0 1 0

color 0 0 1

color .4 .4 .4

color 1.0 0.0 0.0
sphere -1.9671411772620004 1.9610479036364465 -4.0 1.0
color 0.0 1.0 0.0
sphere 0.03447835402852051 -0.3138696058589343 -4.0 0.5
color 0.0 0.0 1.0
sphere 0.4531589324697496 0.5325013202584559 -6.859451565886521 0.5
color 0.4 0.4 0.4
sphere 0.0 1.6000000000000025 -4.0 1.0
color 0.4 0.4 0.4
sphere 0.0 -3.5 -4.0 2.0

plane 0 1 0 3
plane 0 0 1 8

color .6 .7 .8
sun 1 1 .5
color .4 .3 .2
sun -.5 1 0

color 1 0 0

color 0 1 0

color 0 0 1

color .4 .4 .4

color 1.0 0.0 0.0
sphere -1.9671411772620004 1.9610479036364465 -4.0 1.0
color 0.0 1.0 0.0
sphere 0.03447835402852051 -0.3138696058589343 -4.0 0.5
color 0.0 0.0 1.0
sphere 0.4531589324697496 0.5325013202584559 -6.859451565886521 0.5
color 0.4 0.4 0.4
sphere 0.0 1.6000000000000025 -4.0 1.0
color 0.4 0.4 0.4
sphere 0.0 -3.5 -4.0 2.0
