png 200 200 hw5springanchor-033.png

plane 0 1 0 3
plane 0 0 1 8

color .6 .7 .8
sun 1 1 .5
color .4 .3 .2
sun -.5 1 0

color 1 0 0

color 0 1 0

color 0 0 1

color .4 .4 .4

color 1.0 0.0 0.0
sphere -1.1851002306938225 3.179842356291651 -4.0 1.0
color 0.0 1.0 0.0
sphere 1.996393167431692 -1.7084853213931077 -4.0 0.5
color 0.0 0.0 1.0
sphere -0.47557885195042127 0.42513944843303697 -5.277898832298692 0.5
color 0.4 0.4 0.4
sphere 0.0 -0.19999999999999804 -4.0 1.0
color 0.4 0.4 0.4
sphere 0.0 -3.5 -4.0 2.0

plane 0 1 0 3
plane 0 0 1 8

color .6 .7 .8
sun 1 1 .5
color .4 .3 .2
sun -.5 1 0

color 1 0 0

color 0 1 0

color 0 0 1

color .4 .4 .4

color 1.0 0.0 0.0
sphere -1.1851002306938225 3.179842356291651 -4.0 1.0
color 0.0 1.0 0.0
sphere 1.996393167431692 -1.7084853213931077 -4.0 0.5
color 0.0 0.0 1.0
sphere -0.47557885195042127 0.42513944843303697 -5.277898832298692 0.5
color 0.4 0.4 0.4
sphere 0.0 -0.19999999999999804 -4.0 1.0
color 0.4 0.4 0.4
sphere 0.0 -3.5 -4.0 2.0

plane 0 1 0 3
plane 0 0 1 8

color .6 .7 .8
sun 1 1 .5
color .4 .3 .2
sun -.5 1 0

color 1 0 0

color 0 1 0


plane 0 1 0 3
plane 0 0 1 8

color .6 .7 .8
sun 1 1 .5
color .4 .3 .2
sun -.5 1 0

color 1 0 0

color 0 1 0

color 0 0 1

color .4 .4 .4

color 1.0 0.0 0.0
sphere -1.1851002306938225 3.179842356291651 -4.0 1.0
color 0.0 1.0 0.0
sphere 1.996393167431692 -1.7084853213931077 -4.0 0.5
color 0.0 0.0 1.0
sphere -0.47557885195042127 0.42513944843303697 -5.277898832298692 0.5
color 0.4 0.4 0.4
sphere 0.0 -0.19999999999999804 -4.0 1.0
color 0.4 0.4 0.4
sphere 0.0 -3.5 -4.0 2.0

plane 0 1 0 3
plane 0 0 1 8

color .6 .7 .8
sun 1 1 .5
color .4 .3 .2
sun -.5 1 0

color 1 0 0

color 0 1 0

color 0 0 1

color .4 .4 .4

color 1.0 0.0 0.0
sphere -1.1851002306938225 3.179842356291651 -4.0 1.0
color 0.0 1.0 0.0
sphere 1.996393167431692 -1.7084853213931077 -4.0 0.5
color 0.0 0.0 1.0
sphere -0.47557885195042127 0.42513944843303697 -5.277898832298692 0.5
color 0.4 0.4 0.4
sphere 0.0 -0.19999999999999804 -4.0 1.0
color 0.4 0.4 0.4
sphere 0.0 -3.5 -4.0 2.0

plane 0 1 0 3
plane 0 0 1 8

color .6 .7 .8
sun 1 1 .5
color .4 .3 .2
sun -.5 1 0

color 1 0 0

color 0 1 0

color 0 0 1

color .4 .4 .4

color 1.0 0.0 0.0
sphere -1.1851002306938225 3.179842356291651 -4.0 1.0
color 0.0 1.0 0.0
sphere 1.996393167431692 -1.7084853213931077 -4.0 0.5
color 0.0 0.0 1.0
sphere -0.47557885195042127 0.42513944843303697 -5.277898832298692 0.5
color 0.4 0.4 0.4
sphere 0.0 -0.19999999999999804 -4.0 1.0
color 0.4 0.4 0.4
sphere 0.0 -3.5 -4.0 2.0

plane 0 1 0 3
plane 0 0 1 8

color .6 .7 .8
sun 1 1 .5
color .4 .3 .2
sun -.5 1 0

color 1 0 0

color 0 1 0

color 0 0 1

color .4 .4 .4

color 1.0 0.0 0.0
sphere -1.1851002306938225 3.179842356291651 -4.0 1.0
color 0.0 1.0 0.0
sphere 1.996393167431692 -1.7084853213931077 -4.0 0.5
color 0.0 0.0 1.0
sphere -0.47557885195042127 0.42513944843303697 -5.277898832298692 0.5
color 0.4 0.4 0.4
sphere 0.0 -0.19999999999999804 -4.0 1.0
color 0.4 0.4 0.4
sphere 0.0 -3.5 -4.0 2.0

plane 0 1 0 3
plane 0 0 1 8

color .6 .7 .8
sun 1 1 .5
color .4 .3 .2
sun -.5 1 0

color 1 0 0

color 0 1 0

color 0 0 1

color .4 .4 .4

color 1.0 0.0 0.0
sphere -1.1851002306938225 3.179842356291651 -4.0 1.0
color 0.0 1.0 0.0
sphere 1.996393167431692 -1.7084853213931077 -4.0 0.5
color 0.0 0.0 1.0
sphere -0.47557885195042127 0.42513944843303697 -5.277898832298692 0.5
color 0.4 0.4 0.4
sphere 0.0 -0.19999999999999804 -4.0 1.0
color 0.4 0.4 0.4
sphere 0.0 -3.5 -4.0 2.0
