png 200 200 hw5springanchor-044.png

plane 0 1 0 3
plane 0 0 1 8

color .6 .7 .8
sun 1 1 .5
color .4 .3 .2
sun -.5 1 0

color 1 0 0

color 0 1 0

color 0 0 1

color .4 .4 .4

color 1.0 0.0 0.0
sphere 0.7087965651433392 4.5115896805192195 -4.0 1.0
color 0.0 1.0 0.0
sphere 0.816826798458188 -1.1372063185033388 -4.0 0.5
color 0.0 0.0 1.0
sphere 1.0819718681779382 -1.1261108177203434 -7.039407026110762 0.5
color 0.4 0.4 0.4
sphere 0.0 0.9000000000000019 -4.0 1.0
color 0.4 0.4 0.4
sphere 0.0 -3.5 -4.0 2.0

plane 0 1 0 3
plane 0 0 1 8

color .6 .7 .8
sun 1 1 .5
color .4 .3 .2
sun -.5 1 0

color 1 0 0

color 0 1 0

color 0 0 1

color .4 .4 .4

color 1.0 0.0 0.0
sphere 0.7087965651433392 4.5115896805192195 -4.0 1.0
color 0.0 1.0 0.0
sphere 0.816826798458188 -1.1372063185033388 -4.0 0.5
color 0.0 0.0 1.0
sphere 1.0819718681779382 -1.1261108177203434 -7.039407026110762 0.5
color 0.4 0.4 0.4
sphere 0.0 0.9000000000000019 -4.0 1.0
color 0.4 0.4 0.4
sphere 0.0 -3.5 -4.0 2.0

plane 0 1 0 3
plane 0 0 1 8

color .6 .7 .8
sun 1 1 .5
color .4 .3 .2
sun -.5 1 0

color 1 0 0

color 0 1 0


plane 0 1 0 3
plane 0 0 1 8

color .6 .7 .8
sun 1 1 .5
color .4 .3 .2
sun -.5 1 0

color 1 0 0

color 0 1 0

color 0 0 1

color .4 .4 .4

color 1.0 0.0 0.0
sphere 0.7087965651433392 4.5115896805192195 -4.0 1.0
color 0.0 1.0 0.0
sphere 0.816826798458188 -1.1372063185033388 -4.0 0.5
color 0.0 0.0 1.0
sphere 1.0819718681779382 -1.1261108177203434 -7.039407026110762 0.5
color 0.4 0.4 0.4
sphere 0.0 0.9000000000000019 -4.0 1.0
color 0.4 0.4 0.4
sphere 0.0 -3.5 -4.0 2.0

plane 0 1 0 3
plane 0 0 1 8

color .6 .7 .8
sun 1 1 .5
color .4 .3 .2
sun -.5 1 0

color 1 0 0

color 0 1 0

color 0 0 1

color .4 .4 .4

color 1.0 0.0 0.0
sphere 0.7087965651433392 4.5115896805192195 -4.0 1.0
color 0.0 1.0 0.0
sphere 0.816826798458188 -1.1372063185033388 -4.0 0.5
color 0.0 0.0 1.0
sphere 1.0819718681779382 -1.1261108177203434 -7.039407026110762 0.5
color 0.4 0.4 0.4
sphere 0.0 0.9000000000000019 -4.0 1.0
color 0.4 0.4 0.4
sphere 0.0 -3.5 -4.0 2.0

plane 0 1 0 3
plane 0 0 1 8

color .6 .7 .8
sun 1 1 .5
color .4 .3 .2
sun -.5 1 0

color 1 0 0

color 0 1 0

color 0 0 1

color .4 .4 .4

color 1.0 0.0 0.0
sphere 0.7087965651433392 4.5115896805192195 -4.0 1.0
color 0.0 1.0 0.0
sphere 0.816826798458188 -1.1372063185033388 -4.0 0.5
color 0.0 0.0 1.0
sphere 1.0819718681779382 -1.1261108177203434 -7.039407026110762 0.5
color 0.4 0.4 0.4
sphere 0.0 0.9000000000000019 -4.0 1.0
color 0.4 0.4 0.4
sphere 0.0 -3.5 -4.0 2.0

plane 0 1 0 3
plane 0 0 1 8

color .6 .7 .8
sun 1 1 .5
color .4 .3 .2
sun -.5 1 0

color 1 0 0

color 0 1 0

color 0 0 1

color .4 .4 .4

color 1.0 0.0 0.0
sphere 0.7087965651433392 4.5115896805192195 -4.0 1.0
color 0.0 1.0 0.0
sphere 0.816826798458188 -1.1372063185033388 -4.0 0.5
color 0.0 0.0 1.0
sphere 1.0819718681779382 -1.1261108177203434 -7.039407026110762 0.5
color 0.4 0.4 0.4
sphere 0.0 0.9000000000000019 -4.0 1.0
color 0.4 0.4 0.4
sphere 0.0 -3.5 -4.0 2.0

plane 0 1 0 3
plane 0 0 1 8

color .6 .7 .8
sun 1 1 .5
color .4 .3 .2
sun -.5 1 0

color 1 0 0

color 0 1 0

color 0 0 1

color .4 .4 .4

color 1.0 0.0 0.0
sphere 0.7087965651433392 4.5115896805192195 -4.0 1.0
color 0.0 1.0 0.0
sphere 0.816826798458188 -1.1372063185033388 -4.0 0.5
color 0.0 0.0 1.0
sphere 1.0819718681779382 -1.1261108177203434 -7.039407026110762 0.5
color 0.4 0.4 0.4
sphere 0.0 0.9000000000000019 -4.0 1.0
color 0.4 0.4 0.4
sphere 0.0 -3.5 -4.0 2.0
