png 200 200 hw5springanchor-071.png

plane 0 1 0 3
plane 0 0 1 8

color .6 .7 .8
sun 1 1 .5
color .4 .3 .2
sun -.5 1 0

color 1 0 0

color 0 1 0

color 0 0 1

color .4 .4 .4

color 1.0 0.0 0.0
sphere -0.4715015722300272 0.38472215470853544 -3.945241650679611 1.0
color 0.0 1.0 0.0
sphere -1.8055592970231302 1.37914511863495 -4.0 0.5
color 0.0 0.0 1.0
sphere -1.066942057532032 -0.9515779529981787 -5.770331567975484 0.5
color 0.4 0.4 0.4
sphere 0.0 3.600000000000004 -4.0 1.0
color 0.4 0.4 0.4
sphere 0.0 -3.5 -4.0 2.0

plane 0 1 0 3
plane 0 0 1 8

color .6 .7 .8
sun 1 1 .5
color .4 .3 .2
sun -.5 1 0

color 1 0 0

color 0 1 0

color 0 0 1

color .4 .4 .4

color 1.0 0.0 0.0
sphere -0.4715015722300272 0.38472215470853544 -3.945241650679611 1.0
color 0.0 1.0 0.0
sphere -1.8055592970231302 1.37914511863495 -4.0 0.5
color 0.0 0.0 1.0
sphere -1.066942057532032 -0.9515779529981787 -5.770331567975484 0.5
color 0.4 0.4 0.4
sphere 0.0 3.600000000000004 -4.0 1.0
color 0.4 0.4 0.4
sphere 0.0 -3.5 -4.0 2.0

plane 0 1 0 3
plane 0 0 1 8

color .6 .7 .8
sun 1 1 .5
color .4 .3 .2
sun -.5 1 0

color 1 0 0

color 0 1 0

plane 0 1 0 3
plane 0 0 1 8

color .6 .7 .8
sun 1 1 .5
color .4 .3 .2
sun -.5 1 0

color 1 0 0

color 0 1 0

color 0 0 1

color .4 .4 .4

color 1.0 0.0 0.0
sphere -0.4715015722300272 0.38472215470853544 -3.945241650679611 1.0
color 0.0 1.0 0.0
sphere -1.8055592970231302 1.37914511863495 -4.0 0.5
color 0.0 0.0 1.0
sphere -1.066942057532032 -0.9515779529981787 -5.770331567975484 0.5
color 0.4 0.4 0.4
sphere 0.0 3.600000000000004 -4.0 1.0
color 0.4 0.4 0.4
sphere 0.0 -3.5 -4.0 2.0

plane 0 1 0 3
plane 0 0 1 8

color .6 .7 .8
sun 1 1 .5
color .4 .3 .2
sun -.5 1 0

color 1 0 0

color 0 1 0

color 0 0 1

color .4 .4 .4

color 1.0 0.0 0.0
sphere -0.4715015722300272 0.38472215470853544 -3.945241650679611 1.0
color 0.0 1.0 0.0
sphere -1.8055592970231302 1.37914511863495 -4.0 0.5
color 0.0 0.0 1.0
sphere -1.066942057532032 -0.9515779529981787 -5.770331567975484 0.5
color 0.4 0.4 0.4
sphere 0.0 3.600000000000004 -4.0 1.0
color 0.4 0.4 0.4
sphere 0.0 -3.5 -4.0 2.0

plane 0 1 0 3
plane 0 0 1 8

color .6 .7 .8
sun 1 1 .5
color .4 .3 .2
sun -.5 1 0

color 1 0 0

color 0 1 0

color 0 0 1

color .4 .4 .4

color 1.0 0.0 0.0
sphere -0.4715015722300272 0.38472215470853544 -3.945241650679611 1.0
color 0.0 1.0 0.0
sphere -1.8055592970231302 1.37914511863495 -4.0 0.5
color 0.0 0.0 1.0
sphere -1.066942057532032 -0.9515779529981787 -5.770331567975484 0.5
color 0.4 0.4 0.4
sphere 0.0 3.600000000000004 -4.0 1.0
color 0.4 0.4 0.4
sphere 0.0 -3.5 -4.0 2.0

plane 0 1 0 3
plane 0 0 1 8

color .6 .7 .8
sun 1 1 .5
color .4 .3 .2
sun -.5 1 0

color 1 0 0

color 0 1 0

color 0 0 1

color .4 .4 .4

color 1.0 0.0 0.0
sphere -0.4715015722300272 0.38472215470853544 -3.945241650679611 1.0
color 0.0 1.0 0.0
sphere -1.8055592970231302 1.37914511863495 -4.0 0.5
color 0.0 0.0 1.0
sphere -1.066942057532032 -0.9515779529981787 -5.770331567975484 0.5
color 0.4 0.4 0.4
sphere 0.0 3.600000000000004 -4.0 1.0
color 0.4 0.4 0.4
sphere 0.0 -3.5 -4.0 2.0

plane 0 1 0 3
plane 0 0 1 8

color .6 .7 .8
sun 1 1 .5
color .4 .3 .2
sun -.5 1 0

color 1 0 0

color 0 1 0

color 0 0 1

color .4 .4 .4

color 1.0 0.0 0.0
sphere -0.4715015722300272 0.38472215470853544 -3.945241650679611 1.0
color 0.0 1.0 0.0
sphere -1.8055592970231302 1.37914511863495 -4.0 0.5
color 0.0 0.0 1.0
sphere -1.066942057532032 -0.9515779529981787 -5.770331567975484 0.5
color 0.4 0.4 0.4
sphere 0.0 3.600000000000004 -4.0 1.0
color 0.4 0.4 0.4
sphere 0.0 -3.5 -4.0 2.0
