png 200 200 hw5springanchor-102.png

plane 0 1 0 3
plane 0 0 1 8

color .6 .7 .8
sun 1 1 .5
color .4 .3 .2
sun -.5 1 0

color 1 0 0

color 0 1 0

color 0 0 1

color .4 .4 .4

color 1.0 0.0 0.0
sphere -0.8057514291303807 -2.0 -6.826048093201202 1.0
color 0.0 1.0 0.0
sphere -2.1626432999089236 0.45831168855339127 -3.1467817927210344 0.5
color 0.0 0.0 1.0
sphere -0.3623328104290333 -1.1867656768864914 -5.673224405619861 0.5
color 0.4 0.4 0.4
sphere 0.0 6.699999999999995 -4.0 1.0
color 0.4 0.4 0.4
sphere 0.0 -3.5 -4.0 2.0

plane 0 1 0 3
plane 0 0 1 8

color .6 .7 .8
sun 1 1 .5
color .4 .3 .2
sun -.5 1 0

color 1 0 0

color 0 1 0

color 0 0 1

color .4 .4 .4

color 1.0 0.0 0.0
sphere -0.8057514291303807 -2.0 -6.826048093201202 1.0
color 0.0 1.0 0.0
sphere -2.1626432999089236 0.45831168855339127 -3.1467817927210344 0.5
color 0.0 0.0 1.0
sphere -0.3623328104290333 -1.1867656768864914 -5.673224405619861 0.5
color 0.4 0.4 0.4
sphere 0.0 6.699999999999995 -4.0 1.0
color 0.4 0.4 0.4
sphere 0.0 -3.5 -4.0 2.0

plane 0 1 0 3
plane 0 0 1 8

color .6 .7 .8
sun 1 1 .5
color .4 .3 .2
sun -.5 1 0

color 1 0 0

color 0 1 0

plane 0 1 0 3
plane 0 0 1 8

color .6 .7 .8
sun 1 1 .5
color .4 .3 .2
sun -.5 1 0

color 1 0 0

color 0 1 0

color 0 0 1

color .4 .4 .4

color 1.0 0.0 0.0
sphere -0.8057514291303807 -2.0 -6.826048093201202 1.0
color 0.0 1.0 0.0
sphere -2.1626432999089236 0.45831168855339127 -3.1467817927210344 0.5
color 0.0 0.0 1.0
sphere -0.3623328104290333 -1.1867656768864914 -5.673224405619861 0.5
color 0.4 0.4 0.4
sphere 0.0 6.699999999999995 -4.0 1.0
color 0.4 0.4 0.4
sphere 0.0 -3.5 -4.0 2.0

plane 0 1 0 3
plane 0 0 1 8

color .6 .7 .8
sun 1 1 .5
color .4 .3 .2
sun -.5 1 0

color 1 0 0

color 0 1 0

color 0 0 1

color .4 .4 .4

color 1.0 0.0 0.0
sphere -0.8057514291303807 -2.0 -6.826048093201202 1.0
color 0.0 1.0 0.0
sphere -2.1626432999089236 0.45831168855339127 -3.1467817927210344 0.5
color 0.0 0.0 1.0
sphere -0.3623328104290333 -1.1867656768864914 -5.673224405619861 0.5
color 0.4 0.4 0.4
sphere 0.0 6.699999999999995 -4.0 1.0
color 0.4 0.4 0.4
sphere 0.0 -3.5 -4.0 2.0

plane 0 1 0 3
plane 0 0 1 8

color .6 .7 .8
sun 1 1 .5
color .4 .3 .2
sun -.5 1 0

color 1 0 0

color 0 1 0

color 0 0 1

color .4 .4 .4

color 1.0 0.0 0.0
sphere -0.8057514291303807 -2.0 -6.826048093201202 1.0
color 0.0 1.0 0.0
sphere -2.1626432999089236 0.45831168855339127 -3.1467817927210344 0.5
color 0.0 0.0 1.0
sphere -0.3623328104290333 -1.1867656768864914 -5.673224405619861 0.5
color 0.4 0.4 0.4
sphere 0.0 6.699999999999995 -4.0 1.0
color 0.4 0.4 0.4
sphere 0.0 -3.5 -4.0 2.0

plane 0 1 0 3
plane 0 0 1 8

color .6 .7 .8
sun 1 1 .5
color .4 .3 .2
sun -.5 1 0

color 1 0 0

color 0 1 0

color 0 0 1

color .4 .4 .4

color 1.0 0.0 0.0
sphere -0.8057514291303807 -2.0 -6.826048093201202 1.0
color 0.0 1.0 0.0
sphere -2.1626432999089236 0.45831168855339127 -3.1467817927210344 0.5
color 0.0 0.0 1.0
sphere -0.3623328104290333 -1.1867656768864914 -5.673224405619861 0.5
color 0.4 0.4 0.4
sphere 0.0 6.699999999999995 -4.0 1.0
color 0.4 0.4 0.4
sphere 0.0 -3.5 -4.0 2.0

plane 0 1 0 3
plane 0 0 1 8

color .6 .7 .8
sun 1 1 .5
color .4 .3 .2
sun -.5 1 0

color 1 0 0

color 0 1 0

color 0 0 1

color .4 .4 .4

color 1.0 0.0 0.0
sphere -0.8057514291303807 -2.0 -6.826048093201202 1.0
color 0.0 1.0 0.0
sphere -2.1626432999089236 0.45831168855339127 -3.1467817927210344 0.5
color 0.0 0.0 1.0
sphere -0.3623328104290333 -1.1867656768864914 -5.673224405619861 0.5
color 0.4 0.4 0.4
sphere 0.0 6.699999999999995 -4.0 1.0
color 0.4 0.4 0.4
sphere 0.0 -3.5 -4.0 2.0
