png 200 200 hw5springelastic-031.png

fps 8


plane 0 1 0 2

color 1 1 1
sun 1 2 1


color 1.0 1.0 1.0
sphere -2.031996001884247 -0.8426697797120059 -4.0 0.49
color 1.0 1.0 1.0
sphere -2.51 -1.51 -4.0 0.49
color 1.0 1.0 1.0
sphere -1.4481194389566996 -1.51 -4.0 0.49
color 1.0 1.0 1.0
sphere 0.41124732011525417 -1.5100000000000002 -4.0 0.49
color 1.0 1.0 1.0
sphere -0.2852101709917135 -0.8876417762019017 -4.0 0.49
color 1.0 1.0 1.0
sphere 2.354624715401023 -1.51 -4.0 0.49
color 1.0 1.0 1.0
sphere 1.37464245086277 -1.51 -4.0 0.49
