png 200 200 hw5springball-036.png

fps 8


plane 0 1 0 3

color 1 1 1
sun 1 1 1

color 1 0 0

color 0 0.6 0

color 0 0.3 1
color 1.0 0.0 0.0
sphere -1.2026394318493312 1.8671354679359355 -4.0 0.5
color 0.0 0.6 0.0
sphere 0.7710422342011113 1.7613439098620862 -4.0 0.5
color 0.0 0.3 1.0
sphere 1.390110354366914 -1.841004803964341 -4.0 0.5

fps 8


plane 0 1 0 3

color 1 1 1
sun 1 1 1

color 1 0 0

color 0 0.6 0

color 0 0.3 1
color 1.0 0.0 0.0
sphere -1.2026394318493312 1.8671354679359355 -4.0 0.5
color 0.0 0.6 0.0
sphere 0.7710422342011113 1.7613439098620862 -4.0 0.5
color 0.0 0.3 1.0
sphere 1.390110354366914 -1.841004803964341 -4.0 0.5

fps 8


plane 0 1 0 3

color 1 1 1
sun 1 1 1

color 1 0 0

color 0 0.6 0

color 0 0.3 1
color 1.0 0.0 0.0
sphere -1.2026394318493312 1.8671354679359355 -4.0 0.5
color 0.0 0.6 0.0
sphere 0.7710422342011113 1.7613439098620862 -4.0 0.5
color 0.0 0.3 1.0
sphere 1.390110354366914 -1.841004803964341 -4.0 0.5

fps 8


plane 0 1 0 3

color 1 1 1
sun 1 1 1

color 1 0 0

color 0 0.6 0

color 0 0.3 1
color 1.0 0.0 0.0
sphere -1.2026394318493312 1.8671354679359355 -4.0 0.5
color 0.0 0.6 0.0
sphere 0.7710422342011113 1.7613439098620862 -4.0 0.5
color 0.0 0.3 1.0
sphere 1.390110354366914 -1.841004803964341 -4.0 0.5

fps 8


plane 0 1 0 3

color 1 1 1
sun 1 1 1

color 1 0 0

color 0 0.6 0

color 0 0.3 1
color 1.0 0.0 0.0
sphere -1.2026394318493312 1.8671354679359355 -4.0 0.5
color 0.0 0.6 0.0
sphere 0.7710422342011113 1.7613439098620862 -4.0 0.5
color 0.0 0.3 1.0
sphere 1.390110354366914 -1.841004803964341 -4.0 0.5

fps 8


plane 0 1 0 3

color 1 1 1
sun 1 1 1

color 1 0 0

color 0 0.6 0

color 0 0.3 1
color 1.0 0.0 0.0
sphere -1.2026394318493312 1.8671354679359355 -4.0 0.5
color 0.0 0.6 0.0
sphere 0.7710422342011113 1.7613439098620862 -4.0 0.5
color 0.0 0.3 1.0
sphere 1.390110354366914 -1.841004803964341 -4.0 0.5
