png 200 200 hw5springanchor-068.png

plane 0 1 0 3
plane 0 0 1 8

color .6 .7 .8
sun 1 1 .5
color .4 .3 .2
sun -.5 1 0

color 1 0 0

color 0 1 0

color 0 0 1

color .4 .4 .4

color 1.0 0.0 0.0
sphere 1.3821246069424933 1.2432297569976847 -3.2363104126699027 1.0
color 0.0 1.0 0.0
sphere -2.5 0.25158999123062165 -4.0 0.5
color 0.0 0.0 1.0
sphere 1.0732231769871872 0.2490040269148866 -5.548734785354741 0.5
color 0.4 0.4 0.4
sphere 0.0 3.300000000000004 -4.0 1.0
color 0.4 0.4 0.4
sphere 0.0 -3.5 -4.0 2.0

plane 0 1 0 3
plane 0 0 1 8

color .6 .7 .8
sun 1 1 .5
color .4 .3 .2
sun -.5 1 0

color 1 0 0

color 0 1 0

color 0 0 1

color .4 .4 .4

color 1.0 0.0 0.0
sphere 1.3821246069424933 1.2432297569976847 -3.2363104126699027 1.0
color 0.0 1.0 0.0
sphere -2.5 0.25158999123062165 -4.0 0.5
color 0.0 0.0 1.0
sphere 1.0732231769871872 0.2490040269148866 -5.548734785354741 0.5
color 0.4 0.4 0.4
sphere 0.0 3.300000000000004 -4.0 1.0
color 0.4 0.4 0.4
sphere 0.0 -3.5 -4.0 2.0

plane 0 1 0 3
plane 0 0 1 8

color .6 .7 .8
sun 1 1 .5
color .4 .3 .2
sun -.5 1 0

color 1 0 0

color 0 1 0

plane 0 1 0 3
plane 0 0 1 8

color .6 .7 .8
sun 1 1 .5
color .4 .3 .2
sun -.5 1 0

color 1 0 0

color 0 1 0

color 0 0 1

color .4 .4 .4

color 1.0 0.0 0.0
sphere 1.3821246069424933 1.2432297569976847 -3.2363104126699027 1.0
color 0.0 1.0 0.0
sphere -2.5 0.25158999123062165 -4.0 0.5
color 0.0 0.0 1.0
sphere 1.0732231769871872 0.2490040269148866 -5.548734785354741 0.5
color 0.4 0.4 0.4
sphere 0.0 3.300000000000004 -4.0 1.0
color 0.4 0.4 0.4
sphere 0.0 -3.5 -4.0 2.0

plane 0 1 0 3
plane 0 0 1 8

color .6 .7 .8
sun 1 1 .5
color .4 .3 .2
sun -.5 1 0

color 1 0 0

color 0 1 0

color 0 0 1

color .4 .4 .4

color 1.0 0.0 0.0
sphere 1.3821246069424933 1.2432297569976847 -3.2363104126699027 1.0
color 0.0 1.0 0.0
sphere -2.5 0.25158999123062165 -4.0 0.5
color 0.0 0.0 1.0
sphere 1.0732231769871872 0.2490040269148866 -5.548734785354741 0.5
color 0.4 0.4 0.4
sphere 0.0 3.300000000000004 -4.0 1.0
color 0.4 0.4 0.4
sphere 0.0 -3.5 -4.0 2.0

plane 0 1 0 3
plane 0 0 1 8

color .6 .7 .8
sun 1 1 .5
color .4 .3 .2
sun -.5 1 0

color 1 0 0

color 0 1 0

color 0 0 1

color .4 .4 .4

color 1.0 0.0 0.0
sphere 1.3821246069424933 1.2432297569976847 -3.2363104126699027 1.0
color 0.0 1.0 0.0
sphere -2.5 0.25158999123062165 -4.0 0.5
color 0.0 0.0 1.0
sphere 1.0732231769871872 0.2490040269148866 -5.548734785354741 0.5
color 0.4 0.4 0.4
sphere 0.0 3.300000000000004 -4.0 1.0
color 0.4 0.4 0.4
sphere 0.0 -3.5 -4.0 2.0

plane 0 1 0 3
plane 0 0 1 8

color .6 .7 .8
sun 1 1 .5
color .4 .3 .2
sun -.5 1 0

color 1 0 0

color 0 1 0

color 0 0 1

color .4 .4 .4

color 1.0 0.0 0.0
sphere 1.3821246069424933 1.2432297569976847 -3.2363104126699027 1.0
color 0.0 1.0 0.0
sphere -2.5 0.25158999123062165 -4.0 0.5
color 0.0 0.0 1.0
sphere 1.0732231769871872 0.2490040269148866 -5.548734785354741 0.5
color 0.4 0.4 0.4
sphere 0.0 3.300000000000004 -4.0 1.0
color 0.4 0.4 0.4
sphere 0.0 -3.5 -4.0 2.0

plane 0 1 0 3
plane 0 0 1 8

color .6 .7 .8
sun 1 1 .5
color .4 .3 .2
sun -.5 1 0

color 1 0 0

color 0 1 0

color 0 0 1

color .4 .4 .4

color 1.0 0.0 0.0
sphere 1.3821246069424933 1.2432297569976847 -3.2363104126699027 1.0
color 0.0 1.0 0.0
sphere -2.5 0.25158999123062165 -4.0 0.5
color 0.0 0.0 1.0
sphere 1.0732231769871872 0.2490040269148866 -5.548734785354741 0.5
color 0.4 0.4 0.4
sphere 0.0 3.300000000000004 -4.0 1.0
color 0.4 0.4 0.4
sphere 0.0 -3.5 -4.0 2.0
