png 200 200 hw5springanchor-095.png

plane 0 1 0 3
plane 0 0 1 8

color .6 .7 .8
sun 1 1 .5
color .4 .3 .2
sun -.5 1 0

color 1 0 0

color 0 1 0

color 0 0 1

color .4 .4 .4

color 1.0 0.0 0.0
sphere 1.384669770547244 2.03763759337425 -3.0 1.0
color 0.0 1.0 0.0
sphere 0.03176839960718858 -1.7447376237388716 -6.293815020871167 0.5
color 0.0 0.0 1.0
sphere 0.5372121214075117 -1.404665585562886 -7.38842058914354 0.5
color 0.4 0.4 0.4
sphere 0.0 5.999999999999997 -4.0 1.0
color 0.4 0.4 0.4
sphere 0.0 -3.5 -4.0 2.0

plane 0 1 0 3
plane 0 0 1 8

color .6 .7 .8
sun 1 1 .5
color .4 .3 .2
sun -.5 1 0

color 1 0 0

color 0 1 0

color 0 0 1

color .4 .4 .4

color 1.0 0.0 0.0
sphere 1.384669770547244 2.03763759337425 -3.0 1.0
color 0.0 1.0 0.0
sphere 0.03176839960718858 -1.7447376237388716 -6.293815020871167 0.5
color 0.0 0.0 1.0
sphere 0.5372121214075117 -1.404665585562886 -7.38842058914354 0.5
color 0.4 0.4 0.4
sphere 0.0 5.999999999999997 -4.0 1.0
color 0.4 0.4 0.4
sphere 0.0 -3.5 -4.0 2.0

plane 0 1 0 3
plane 0 0 1 8

color .6 .7 .8
sun 1 1 .5
color .4 .3 .2
sun -.5 1 0

color 1 0 0

color 0 1 0

plane 0 1 0 3
plane 0 0 1 8

color .6 .7 .8
sun 1 1 .5
color .4 .3 .2
sun -.5 1 0

color 1 0 0

color 0 1 0

color 0 0 1

color .4 .4 .4

color 1.0 0.0 0.0
sphere 1.384669770547244 2.03763759337425 -3.0 1.0
color 0.0 1.0 0.0
sphere 0.03176839960718858 -1.7447376237388716 -6.293815020871167 0.5
color 0.0 0.0 1.0
sphere 0.5372121214075117 -1.404665585562886 -7.38842058914354 0.5
color 0.4 0.4 0.4
sphere 0.0 5.999999999999997 -4.0 1.0
color 0.4 0.4 0.4
sphere 0.0 -3.5 -4.0 2.0

plane 0 1 0 3
plane 0 0 1 8

color .6 .7 .8
sun 1 1 .5
color .4 .3 .2
sun -.5 1 0

color 1 0 0

color 0 1 0

color 0 0 1

color .4 .4 .4

color 1.0 0.0 0.0
sphere 1.384669770547244 2.03763759337425 -3.0 1.0
color 0.0 1.0 0.0
sphere 0.03176839960718858 -1.7447376237388716 -6.293815020871167 0.5
color 0.0 0.0 1.0
sphere 0.5372121214075117 -1.404665585562886 -7.38842058914354 0.5
color 0.4 0.4 0.4
sphere 0.0 5.999999999999997 -4.0 1.0
color 0.4 0.4 0.4
sphere 0.0 -3.5 -4.0 2.0

plane 0 1 0 3
plane 0 0 1 8

color .6 .7 .8
sun 1 1 .5
color .4 .3 .2
sun -.5 1 0

color 1 0 0

color 0 1 0

color 0 0 1

color .4 .4 .4

color 1.0 0.0 0.0
sphere 1.384669770547244 2.03763759337425 -3.0 1.0
color 0.0 1.0 0.0
sphere 0.03176839960718858 -1.7447376237388716 -6.293815020871167 0.5
color 0.0 0.0 1.0
sphere 0.5372121214075117 -1.404665585562886 -7.38842058914354 0.5
color 0.4 0.4 0.4
sphere 0.0 5.999999999999997 -4.0 1.0
color 0.4 0.4 0.4
sphere 0.0 -3.5 -4.0 2.0

plane 0 1 0 3
plane 0 0 1 8

color .6 .7 .8
sun 1 1 .5
color .4 .3 .2
sun -.5 1 0

color 1 0 0

color 0 1 0

color 0 0 1

color .4 .4 .4

color 1.0 0.0 0.0
sphere 1.384669770547244 2.03763759337425 -3.0 1.0
color 0.0 1.0 0.0
sphere 0.03176839960718858 -1.7447376237388716 -6.293815020871167 0.5
color 0.0 0.0 1.0
sphere 0.5372121214075117 -1.404665585562886 -7.38842058914354 0.5
color 0.4 0.4 0.4
sphere 0.0 5.999999999999997 -4.0 1.0
color 0.4 0.4 0.4
sphere 0.0 -3.5 -4.0 2.0

plane 0 1 0 3
plane 0 0 1 8

color .6 .7 .8
sun 1 1 .5
color .4 .3 .2
sun -.5 1 0

color 1 0 0

color 0 1 0

color 0 0 1

color .4 .4 .4

color 1.0 0.0 0.0
sphere 1.384669770547244 2.03763759337425 -3.0 1.0
color 0.0 1.0 0.0
sphere 0.03176839960718858 -1.7447376237388716 -6.293815020871167 0.5
color 0.0 0.0 1.0
sphere 0.5372121214075117 -1.404665585562886 -7.38842058914354 0.5
color 0.4 0.4 0.4
sphere 0.0 5.999999999999997 -4.0 1.0
color 0.4 0.4 0.4
sphere 0.0 -3.5 -4.0 2.0
