png 200 200 hw5springradius-039.png

fps 8


plane 0 1 0 3

color 1 1 1
sun 1 1 1

color 1 0 0

color 0 0.6 0

color 0 0.3 1
color 1.0 0.0 0.0
sphere 0.7697269559531383 1.8752135753499688 -4.0 0.5
color 0.0 0.6 0.0
sphere -0.3772379525613843 -0.4052665474538 -4.0 1.5
color 0.0 0.3 1.0
sphere 1.3660675209482227 -0.25234164421222566 -4.0 0.25

fps 8


plane 0 1 0 3

color 1 1 1
sun 1 1 1

color 1 0 0

color 0 0.6 0

color 0 0.3 1
color 1.0 0.0 0.0
sphere 0.7697269559531383 1.8752135753499688 -4.0 0.5
color 0.0 0.6 0.0
sphere -0.3772379525613843 -0.4052665474538 -4.0 1.5
color 0.0 0.3 1.0
sphere 1.3660675209482227 -0.25234164421222566 -4.0 0.25

fps 8


plane 0 1 0 3

color 1 1 1
sun 1 1 1

color 1 0 0

color 0 0.6 0

color 0 0.3 1
color 1.0 0.0 0.0
sphere -0.4215701789200519 2.378008431052317 -4.0 0.5
color 0.0 0.6 0.0
sphere 0.9010968187174362 -0.9250292734285599 -4.0 1.5
color 0.0 0.3 1.0
sphere -1.8319642996364291 -1.929331647343678 -4.0 0.25
