png 200 200 hw5springelastic-030.png

fps 8


plane 0 1 0 2

color 1 1 1
sun 1 2 1


color 1.0 1.0 1.0
sphere -2.306898779120938 -0.7774677594426215 -4.0 0.49
color 1.0 1.0 1.0
sphere -2.3617354512649418 -1.51 -4.0 0.49
color 1.0 1.0 1.0
sphere -1.3980814624629831 -1.51 -4.0 0.49
color 1.0 1.0 1.0
sphere 0.46875791003850686 -1.5099999999999998 -4.0 0.49
color 1.0 1.0 1.0
sphere -0.38027212580631425 -1.1297881645534555 -4.0 0.49
color 1.0 1.0 1.0
sphere 2.4101009384741285 -1.4863587083112264 -4.0 0.49
color 1.0 1.0 1.0
sphere 1.4329268719189758 -1.5099999999999998 -4.0 0.49
