png 200 200 hw5springradius-013.png

fps 8


plane 0 1 0 3

color 1 1 1
sun 1 1 1

color 1 0 0

color 0 0.6 0

color 0 0.3 1
color 1.0 0.0 0.0
sphere -1.6065553470216978 -1.1609959688409057 -4.0 0.5
color 0.0 0.6 0.0
sphere 0.047707568341059034 -0.036978973037233506 -4.0 1.5
color 0.0 0.3 1.0
sphere 2.620024715537097 -0.987015908640306 -4.0 0.25

fps 8


plane 0 1 0 3

color 1 1 1
sun 1 1 1

color 1 0 0

color 0 0.6 0

color 0 0.3 1
color 1.0 0.0 0.0
sphere -1.6065553470216978 -1.1609959688409057 -4.0 0.5
color 0.0 0.6 0.0
sphere 0.047707568341059034 -0.036978973037233506 -4.0 1.5
color 0.0 0.3 1.0
sphere 2.620024715537097 -0.987015908640306 -4.0 0.25

fps 8


plane 0 1 0 3

color 1 1 1
sun 1 1 1

color 1 0 0

color 0 0.6 0

color 0 0.3 1
color 1.0 0.0 0.0
sphere -1.6331092336375121 -1.201095636286697 -4.0 0.5
color 0.0 0.6 0.0
sphere 0.06031685255636943 0.03242812950964406 -4.0 1.5
color 0.0 0.3 1.0
sphere 2.6156302693461226 -0.9981427533867405 -4.0 0.25
