png 200 200 hw5springanchor-092.png

plane 0 1 0 3
plane 0 0 1 8

color .6 .7 .8
sun 1 1 .5
color .4 .3 .2
sun -.5 1 0

color 1 0 0

color 0 1 0

color 0 0 1

color .4 .4 .4

color 1.0 0.0 0.0
sphere 1.0766511472637803 2.9136361213312165 -5.342130366557577 1.0
color 0.0 1.0 0.0
sphere 0.8545122664047924 -1.482452777932332 -7.500000000000001 0.5
color 0.0 0.0 1.0
sphere 2.009303030351878 -2.474339279404127 -7.14832549920519 0.5
color 0.4 0.4 0.4
sphere 0.0 5.699999999999998 -4.0 1.0
color 0.4 0.4 0.4
sphere 0.0 -3.5 -4.0 2.0

plane 0 1 0 3
plane 0 0 1 8

color .6 .7 .8
sun 1 1 .5
color .4 .3 .2
sun -.5 1 0

color 1 0 0

color 0 1 0

color 0 0 1

color .4 .4 .4

color 1.0 0.0 0.0
sphere 1.0766511472637803 2.9136361213312165 -5.342130366557577 1.0
color 0.0 1.0 0.0
sphere 0.8545122664047924 -1.482452777932332 -7.500000000000001 0.5
color 0.0 0.0 1.0
sphere 2.009303030351878 -2.474339279404127 -7.14832549920519 0.5
color 0.4 0.4 0.4
sphere 0.0 5.699999999999998 -4.0 1.0
color 0.4 0.4 0.4
sphere 0.0 -3.5 -4.0 2.0

plane 0 1 0 3
plane 0 0 1 8

color .6 .7 .8
sun 1 1 .5
color .4 .3 .2
sun -.5 1 0

color 1 0 0

color 0 1 0

plane 0 1 0 3
plane 0 0 1 8

color .6 .7 .8
sun 1 1 .5
color .4 .3 .2
sun -.5 1 0

color 1 0 0

color 0 1 0

color 0 0 1

color .4 .4 .4

color 1.0 0.0 0.0
sphere 1.0766511472637803 2.9136361213312165 -5.342130366557577 1.0
color 0.0 1.0 0.0
sphere 0.8545122664047924 -1.482452777932332 -7.500000000000001 0.5
color 0.0 0.0 1.0
sphere 2.009303030351878 -2.474339279404127 -7.14832549920519 0.5
color 0.4 0.4 0.4
sphere 0.0 5.699999999999998 -4.0 1.0
color 0.4 0.4 0.4
sphere 0.0 -3.5 -4.0 2.0

plane 0 1 0 3
plane 0 0 1 8

color .6 .7 .8
sun 1 1 .5
color .4 .3 .2
sun -.5 1 0

color 1 0 0

color 0 1 0

color 0 0 1

color .4 .4 .4

color 1.0 0.0 0.0
sphere 1.0766511472637803 2.9136361213312165 -5.342130366557577 1.0
color 0.0 1.0 0.0
sphere 0.8545122664047924 -1.482452777932332 -7.500000000000001 0.5
color 0.0 0.0 1.0
sphere 2.009303030351878 -2.474339279404127 -7.14832549920519 0.5
color 0.4 0.4 0.4
sphere 0.0 5.699999999999998 -4.0 1.0
color 0.4 0.4 0.4
sphere 0.0 -3.5 -4.0 2.0

plane 0 1 0 3
plane 0 0 1 8

color .6 .7 .8
sun 1 1 .5
color .4 .3 .2
sun -.5 1 0

color 1 0 0

color 0 1 0

color 0 0 1

color .4 .4 .4

color 1.0 0.0 0.0
sphere 1.0766511472637803 2.9136361213312165 -5.342130366557577 1.0
color 0.0 1.0 0.0
sphere 0.8545122664047924 -1.482452777932332 -7.500000000000001 0.5
color 0.0 0.0 1.0
sphere 2.009303030351878 -2.474339279404127 -7.14832549920519 0.5
color 0.4 0.4 0.4
sphere 0.0 5.699999999999998 -4.0 1.0
color 0.4 0.4 0.4
sphere 0.0 -3.5 -4.0 2.0

plane 0 1 0 3
plane 0 0 1 8

color .6 .7 .8
sun 1 1 .5
color .4 .3 .2
sun -.5 1 0

color 1 0 0

color 0 1 0

color 0 0 1

color .4 .4 .4

color 1.0 0.0 0.0
sphere 1.0766511472637803 2.9136361213312165 -5.342130366557577 1.0
color 0.0 1.0 0.0
sphere 0.8545122664047924 -1.482452777932332 -7.500000000000001 0.5
color 0.0 0.0 1.0
sphere 2.009303030351878 -2.474339279404127 -7.14832549920519 0.5
color 0.4 0.4 0.4
sphere 0.0 5.699999999999998 -4.0 1.0
color 0.4 0.4 0.4
sphere 0.0 -3.5 -4.0 2.0

plane 0 1 0 3
plane 0 0 1 8

color .6 .7 .8
sun 1 1 .5
color .4 .3 .2
sun -.5 1 0

color 1 0 0

color 0 1 0

color 0 0 1

color .4 .4 .4

color 1.0 0.0 0.0
sphere 1.0766511472637803 2.9136361213312165 -5.342130366557577 1.0
color 0.0 1.0 0.0
sphere 0.8545122664047924 -1.482452777932332 -7.500000000000001 0.5
color 0.0 0.0 1.0
sphere 2.009303030351878 -2.474339279404127 -7.14832549920519 0.5
color 0.4 0.4 0.4
sphere 0.0 5.699999999999998 -4.0 1.0
color 0.4 0.4 0.4
sphere 0.0 -3.5 -4.0 2.0
