png 200 200 hw5springanchor-069.png

plane 0 1 0 3
plane 0 0 1 8

color .6 .7 .8
sun 1 1 .5
color .4 .3 .2
sun -.5 1 0

color 1 0 0

color 0 1 0

color 0 0 1

color .4 .4 .4

color 1.0 0.0 0.0
sphere 0.7642492138849865 1.057060556234635 -3.4726208253398054 1.0
color 0.0 1.0 0.0
sphere -2.2685197656743767 0.7274417003653978 -4.0 0.5
color 0.0 0.0 1.0
sphere 0.35983476548078075 -0.0511899663894685 -5.622600379561655 0.5
color 0.4 0.4 0.4
sphere 0.0 3.400000000000004 -4.0 1.0
color 0.4 0.4 0.4
sphere 0.0 -3.5 -4.0 2.0

plane 0 1 0 3
plane 0 0 1 8

color .6 .7 .8
sun 1 1 .5
color .4 .3 .2
sun -.5 1 0

color 1 0 0

color 0 1 0

color 0 0 1

color .4 .4 .4

color 1.0 0.0 0.0
sphere 0.7642492138849865 1.057060556234635 -3.4726208253398054 1.0
color 0.0 1.0 0.0
sphere -2.2685197656743767 0.7274417003653978 -4.0 0.5
color 0.0 0.0 1.0
sphere 0.35983476548078075 -0.0511899663894685 -5.622600379561655 0.5
color 0.4 0.4 0.4
sphere 0.0 3.400000000000004 -4.0 1.0
color 0.4 0.4 0.4
sphere 0.0 -3.5 -4.0 2.0

plane 0 1 0 3
plane 0 0 1 8

color .6 .7 .8
sun 1 1 .5
color .4 .3 .2
sun -.5 1 0

color 1 0 0

color 0 1 0

plane 0 1 0 3
plane 0 0 1 8

color .6 .7 .8
sun 1 1 .5
color .4 .3 .2
sun -.5 1 0

color 1 0 0

color 0 1 0

color 0 0 1

color .4 .4 .4

color 1.0 0.0 0.0
sphere 0.7642492138849865 1.057060556234635 -3.4726208253398054 1.0
color 0.0 1.0 0.0
sphere -2.2685197656743767 0.7274417003653978 -4.0 0.5
color 0.0 0.0 1.0
sphere 0.35983476548078075 -0.0511899663894685 -5.622600379561655 0.5
color 0.4 0.4 0.4
sphere 0.0 3.400000000000004 -4.0 1.0
color 0.4 0.4 0.4
sphere 0.0 -3.5 -4.0 2.0

plane 0 1 0 3
plane 0 0 1 8

color .6 .7 .8
sun 1 1 .5
color .4 .3 .2
sun -.5 1 0

color 1 0 0

color 0 1 0

color 0 0 1

color .4 .4 .4

color 1.0 0.0 0.0
sphere 0.7642492138849865 1.057060556234635 -3.4726208253398054 1.0
color 0.0 1.0 0.0
sphere -2.2685197656743767 0.7274417003653978 -4.0 0.5
color 0.0 0.0 1.0
sphere 0.35983476548078075 -0.0511899663894685 -5.622600379561655 0.5
color 0.4 0.4 0.4
sphere 0.0 3.400000000000004 -4.0 1.0
color 0.4 0.4 0.4
sphere 0.0 -3.5 -4.0 2.0

plane 0 1 0 3
plane 0 0 1 8

color .6 .7 .8
sun 1 1 .5
color .4 .3 .2
sun -.5 1 0

color 1 0 0

color 0 1 0

color 0 0 1

color .4 .4 .4

color 1.0 0.0 0.0
sphere 0.7642492138849865 1.057060556234635 -3.4726208253398054 1.0
color 0.0 1.0 0.0
sphere -2.2685197656743767 0.7274417003653978 -4.0 0.5
color 0.0 0.0 1.0
sphere 0.35983476548078075 -0.0511899663894685 -5.622600379561655 0.5
color 0.4 0.4 0.4
sphere 0.0 3.400000000000004 -4.0 1.0
color 0.4 0.4 0.4
sphere 0.0 -3.5 -4.0 2.0

plane 0 1 0 3
plane 0 0 1 8

color .6 .7 .8
sun 1 1 .5
color .4 .3 .2
sun -.5 1 0

color 1 0 0

color 0 1 0

color 0 0 1

color .4 .4 .4

color 1.0 0.0 0.0
sphere 0.7642492138849865 1.057060556234635 -3.4726208253398054 1.0
color 0.0 1.0 0.0
sphere -2.2685197656743767 0.7274417003653978 -4.0 0.5
color 0.0 0.0 1.0
sphere 0.35983476548078075 -0.0511899663894685 -5.622600379561655 0.5
color 0.4 0.4 0.4
sphere 0.0 3.400000000000004 -4.0 1.0
color 0.4 0.4 0.4
sphere 0.0 -3.5 -4.0 2.0

plane 0 1 0 3
plane 0 0 1 8

color .6 .7 .8
sun 1 1 .5
color .4 .3 .2
sun -.5 1 0

color 1 0 0

color 0 1 0

color 0 0 1

color .4 .4 .4

color 1.0 0.0 0.0
sphere 0.7642492138849865 1.057060556234635 -3.4726208253398054 1.0
color 0.0 1.0 0.0
sphere -2.2685197656743767 0.7274417003653978 -4.0 0.5
color 0.0 0.0 1.0
sphere 0.35983476548078075 -0.0511899663894685 -5.622600379561655 0.5
color 0.4 0.4 0.4
sphere 0.0 3.400000000000004 -4.0 1.0
color 0.4 0.4 0.4
sphere 0.0 -3.5 -4.0 2.0
