png 200 200 hw5springanchor-116.png

plane 0 1 0 3
plane 0 0 1 8

color .6 .7 .8
sun 1 1 .5
color .4 .3 .2
sun -.5 1 0

color 1 0 0

color 0 1 0

color 0 0 1

color .4 .4 .4

color 1.0 0.0 0.0
sphere -1.6529050474451747 0.6821481364816677 -5.780614232893627 1.0
color 0.0 1.0 0.0
sphere -1.443892339346808 -2.3967888698578124 -5.717003236661481 0.5
color 0.0 0.0 1.0
sphere 0.010294333603145578 6.849689001686625 -5.600111815475803 0.5
color 0.4 0.4 0.4
sphere 0.0 8.09999999999999 -4.0 1.0
color 0.4 0.4 0.4
sphere 0.0 -3.5 -4.0 2.0

plane 0 1 0 3
plane 0 0 1 8

color .6 .7 .8
sun 1 1 .5
color .4 .3 .2
sun -.5 1 0

color 1 0 0

color 0 1 0

color 0 0 1

color .4 .4 .4

color 1.0 0.0 0.0
sphere -1.6529050474451747 0.6821481364816677 -5.780614232893627 1.0
color 0.0 1.0 0.0
sphere -1.443892339346808 -2.3967888698578124 -5.717003236661481 0.5
color 0.0 0.0 1.0
sphere 0.010294333603145578 6.849689001686625 -5.600111815475803 0.5
color 0.4 0.4 0.4
sphere 0.0 8.09999999999999 -4.0 1.0
color 0.4 0.4 0.4
sphere 0.0 -3.5 -4.0 2.0

plane 0 1 0 3
plane 0 0 1 8

color .6 .7 .8
sun 1 1 .5
color .4 .3 .2
sun -.5 1 0

color 1 0 0

color 0 1 0

plane 0 1 0 3
plane 0 0 1 8

color .6 .7 .8
sun 1 1 .5
color .4 .3 .2
sun -.5 1 0

color 1 0 0

color 0 1 0

color 0 0 1

color .4 .4 .4

color 1.0 0.0 0.0
sphere -1.6529050474451747 0.6821481364816677 -5.780614232893627 1.0
color 0.0 1.0 0.0
sphere -1.443892339346808 -2.3967888698578124 -5.717003236661481 0.5
color 0.0 0.0 1.0
sphere 0.010294333603145578 6.849689001686625 -5.600111815475803 0.5
color 0.4 0.4 0.4
sphere 0.0 8.09999999999999 -4.0 1.0
color 0.4 0.4 0.4
sphere 0.0 -3.5 -4.0 2.0

plane 0 1 0 3
plane 0 0 1 8

color .6 .7 .8
sun 1 1 .5
color .4 .3 .2
sun -.5 1 0

color 1 0 0

color 0 1 0

color 0 0 1

color .4 .4 .4

color 1.0 0.0 0.0
sphere -1.6529050474451747 0.6821481364816677 -5.780614232893627 1.0
color 0.0 1.0 0.0
sphere -1.443892339346808 -2.3967888698578124 -5.717003236661481 0.5
color 0.0 0.0 1.0
sphere 0.010294333603145578 6.849689001686625 -5.600111815475803 0.5
color 0.4 0.4 0.4
sphere 0.0 8.09999999999999 -4.0 1.0
color 0.4 0.4 0.4
sphere 0.0 -3.5 -4.0 2.0

plane 0 1 0 3
plane 0 0 1 8

color .6 .7 .8
sun 1 1 .5
color .4 .3 .2
sun -.5 1 0

color 1 0 0

color 0 1 0

color 0 0 1

color .4 .4 .4

color 1.0 0.0 0.0
sphere -1.6529050474451747 0.6821481364816677 -5.780614232893627 1.0
color 0.0 1.0 0.0
sphere -1.443892339346808 -2.3967888698578124 -5.717003236661481 0.5
color 0.0 0.0 1.0
sphere 0.010294333603145578 6.849689001686625 -5.600111815475803 0.5
color 0.4 0.4 0.4
sphere 0.0 8.09999999999999 -4.0 1.0
color 0.4 0.4 0.4
sphere 0.0 -3.5 -4.0 2.0

plane 0 1 0 3
plane 0 0 1 8

color .6 .7 .8
sun 1 1 .5
color .4 .3 .2
sun -.5 1 0

color 1 0 0

color 0 1 0

color 0 0 1

color .4 .4 .4

color 1.0 0.0 0.0
sphere -1.6529050474451747 0.6821481364816677 -5.780614232893627 1.0
color 0.0 1.0 0.0
sphere -1.443892339346808 -2.3967888698578124 -5.717003236661481 0.5
color 0.0 0.0 1.0
sphere 0.010294333603145578 6.849689001686625 -5.600111815475803 0.5
color 0.4 0.4 0.4
sphere 0.0 8.09999999999999 -4.0 1.0
color 0.4 0.4 0.4
sphere 0.0 -3.5 -4.0 2.0

plane 0 1 0 3
plane 0 0 1 8

color .6 .7 .8
sun 1 1 .5
color .4 .3 .2
sun -.5 1 0

color 1 0 0

color 0 1 0

color 0 0 1

color .4 .4 .4

color 1.0 0.0 0.0
sphere -1.6529050474451747 0.6821481364816677 -5.780614232893627 1.0
color 0.0 1.0 0.0
sphere -1.443892339346808 -2.3967888698578124 -5.717003236661481 0.5
color 0.0 0.0 1.0
sphere 0.010294333603145578 6.849689001686625 -5.600111815475803 0.5
color 0.4 0.4 0.4
sphere 0.0 8.09999999999999 -4.0 1.0
color 0.4 0.4 0.4
sphere 0.0 -3.5 -4.0 2.0
