png 200 200 hw5springball-014.png

fps 8


plane 0 1 0 3

color 1 1 1
sun 1 1 1

color 1 0 0

color 0 0.6 0

color 0 0.3 1
color 1.0 0.0 0.0
sphere -0.48465758852286067 -1.836189181635798 -4.0 0.5
color 0.0 0.6 0.0
sphere 0.48612942573984463 -0.8198636134595493 -4.0 0.5
color 0.0 0.3 1.0
sphere 0.8988225302264111 0.15605279509534783 -4.0 0.5

fps 8


plane 0 1 0 3

color 1 1 1
sun 1 1 1

color 1 0 0

color 0 0.6 0

color 0 0.3 1
color 1.0 0.0 0.0
sphere -0.48465758852286067 -1.836189181635798 -4.0 0.5
color 0.0 0.6 0.0
sphere 0.48612942573984463 -0.8198636134595493 -4.0 0.5
color 0.0 0.3 1.0
sphere 0.8988225302264111 0.15605279509534783 -4.0 0.5

fps 8


plane 0 1 0 3

color 1 1 1
sun 1 1 1

color 1 0 0

color 0 0.6 0

color 0 0.3 1
color 1.0 0.0 0.0
sphere -0.48465758852286067 -1.836189181635798 -4.0 0.5
color 0.0 0.6 0.0
sphere 0.48612942573984463 -0.8198636134595493 -4.0 0.5
color 0.0 0.3 1.0
sphere 0.8988225302264111 0.15605279509534783 -4.0 0.5

fps 8


plane 0 1 0 3

color 1 1 1
sun 1 1 1

color 1 0 0

color 0 0.6 0

color 0 0.3 1
color 1.0 0.0 0.0
sphere -0.48465758852286067 -1.836189181635798 -4.0 0.5
color 0.0 0.6 0.0
sphere 0.48612942573984463 -0.8198636134595493 -4.0 0.5
color 0.0 0.3 1.0
sphere 0.8988225302264111 0.15605279509534783 -4.0 0.5

fps 8


plane 0 1 0 3

color 1 1 1
sun 1 1 1

color 1 0 0

color 0 0.6 0

color 0 0.3 1
color 1.0 0.0 0.0
sphere -0.48465758852286067 -1.836189181635798 -4.0 0.5
color 0.0 0.6 0.0
sphere 0.48612942573984463 -0.8198636134595493 -4.0 0.5
color 0.0 0.3 1.0
sphere 0.8988225302264111 0.15605279509534783 -4.0 0.5

fps 8


plane 0 1 0 3

color 1 1 1
sun 1 1 1

color 1 0 0

color 0 0.6 0

color 0 0.3 1
color 1.0 0.0 0.0
sphere -0.48465758852286067 -1.836189181635798 -4.0 0.5
color 0.0 0.6 0.0
sphere 0.48612942573984463 -0.8198636134595493 -4.0 0.5
color 0.0 0.3 1.0
sphere 0.8988225302264111 0.15605279509534783 -4.0 0.5
