png 200 200 hw5springanchor-108.png

plane 0 1 0 3
plane 0 0 1 8

color .6 .7 .8
sun 1 1 .5
color .4 .3 .2
sun -.5 1 0

color 1 0 0

color 0 1 0

color 0 0 1

color .4 .4 .4

color 1.0 0.0 0.0
sphere -1.4999413342400312 1.5494920584921432 -6.59353807763121 1.0
color 0.0 1.0 0.0
sphere -1.3624811445824 -1.3729210940939833 -4.157320296282585 0.5
color 0.0 0.0 1.0
sphere 1.1394834990829996 0.8910778247750071 -5.732965316181283 0.5
color 0.4 0.4 0.4
sphere 0.0 7.299999999999993 -4.0 1.0
color 0.4 0.4 0.4
sphere 0.0 -3.5 -4.0 2.0

plane 0 1 0 3
plane 0 0 1 8

color .6 .7 .8
sun 1 1 .5
color .4 .3 .2
sun -.5 1 0

color 1 0 0

color 0 1 0

color 0 0 1

color .4 .4 .4

color 1.0 0.0 0.0
sphere -1.4999413342400312 1.5494920584921432 -6.59353807763121 1.0
color 0.0 1.0 0.0
sphere -1.3624811445824 -1.3729210940939833 -4.157320296282585 0.5
color 0.0 0.0 1.0
sphere 1.1394834990829996 0.8910778247750071 -5.732965316181283 0.5
color 0.4 0.4 0.4
sphere 0.0 7.299999999999993 -4.0 1.0
color 0.4 0.4 0.4
sphere 0.0 -3.5 -4.0 2.0

plane 0 1 0 3
plane 0 0 1 8

color .6 .7 .8
sun 1 1 .5
color .4 .3 .2
sun -.5 1 0

color 1 0 0

color 0 1 0

plane 0 1 0 3
plane 0 0 1 8

color .6 .7 .8
sun 1 1 .5
color .4 .3 .2
sun -.5 1 0

color 1 0 0

color 0 1 0

color 0 0 1

color .4 .4 .4

color 1.0 0.0 0.0
sphere -1.4999413342400312 1.5494920584921432 -6.59353807763121 1.0
color 0.0 1.0 0.0
sphere -1.3624811445824 -1.3729210940939833 -4.157320296282585 0.5
color 0.0 0.0 1.0
sphere 1.1394834990829996 0.8910778247750071 -5.732965316181283 0.5
color 0.4 0.4 0.4
sphere 0.0 7.299999999999993 -4.0 1.0
color 0.4 0.4 0.4
sphere 0.0 -3.5 -4.0 2.0

plane 0 1 0 3
plane 0 0 1 8

color .6 .7 .8
sun 1 1 .5
color .4 .3 .2
sun -.5 1 0

color 1 0 0

color 0 1 0

color 0 0 1

color .4 .4 .4

color 1.0 0.0 0.0
sphere -1.4999413342400312 1.5494920584921432 -6.59353807763121 1.0
color 0.0 1.0 0.0
sphere -1.3624811445824 -1.3729210940939833 -4.157320296282585 0.5
color 0.0 0.0 1.0
sphere 1.1394834990829996 0.8910778247750071 -5.732965316181283 0.5
color 0.4 0.4 0.4
sphere 0.0 7.299999999999993 -4.0 1.0
color 0.4 0.4 0.4
sphere 0.0 -3.5 -4.0 2.0

plane 0 1 0 3
plane 0 0 1 8

color .6 .7 .8
sun 1 1 .5
color .4 .3 .2
sun -.5 1 0

color 1 0 0

color 0 1 0

color 0 0 1

color .4 .4 .4

color 1.0 0.0 0.0
sphere -1.4999413342400312 1.5494920584921432 -6.59353807763121 1.0
color 0.0 1.0 0.0
sphere -1.3624811445824 -1.3729210940939833 -4.157320296282585 0.5
color 0.0 0.0 1.0
sphere 1.1394834990829996 0.8910778247750071 -5.732965316181283 0.5
color 0.4 0.4 0.4
sphere 0.0 7.299999999999993 -4.0 1.0
color 0.4 0.4 0.4
sphere 0.0 -3.5 -4.0 2.0

plane 0 1 0 3
plane 0 0 1 8

color .6 .7 .8
sun 1 1 .5
color .4 .3 .2
sun -.5 1 0

color 1 0 0

color 0 1 0

color 0 0 1

color .4 .4 .4

color 1.0 0.0 0.0
sphere -1.4999413342400312 1.5494920584921432 -6.59353807763121 1.0
color 0.0 1.0 0.0
sphere -1.3624811445824 -1.3729210940939833 -4.157320296282585 0.5
color 0.0 0.0 1.0
sphere 1.1394834990829996 0.8910778247750071 -5.732965316181283 0.5
color 0.4 0.4 0.4
sphere 0.0 7.299999999999993 -4.0 1.0
color 0.4 0.4 0.4
sphere 0.0 -3.5 -4.0 2.0

plane 0 1 0 3
plane 0 0 1 8

color .6 .7 .8
sun 1 1 .5
color .4 .3 .2
sun -.5 1 0

color 1 0 0

color 0 1 0

color 0 0 1

color .4 .4 .4

color 1.0 0.0 0.0
sphere -1.4999413342400312 1.5494920584921432 -6.59353807763121 1.0
color 0.0 1.0 0.0
sphere -1.3624811445824 -1.3729210940939833 -4.157320296282585 0.5
color 0.0 0.0 1.0
sphere 1.1394834990829996 0.8910778247750071 -5.732965316181283 0.5
color 0.4 0.4 0.4
sphere 0.0 7.299999999999993 -4.0 1.0
color 0.4 0.4 0.4
sphere 0.0 -3.5 -4.0 2.0
