png 200 200 hw5springanchor-088.png

plane 0 1 0 3
plane 0 0 1 8

color .6 .7 .8
sun 1 1 .5
color .4 .3 .2
sun -.5 1 0

color 1 0 0

color 0 1 0

color 0 0 1

color .4 .4 .4

color 1.0 0.0 0.0
sphere -1.384669770547244 2.6816341586071726 -5.486804450163633 1.0
color 0.0 1.0 0.0
sphere 1.9515040888015973 0.1385967271121824 -5.96789080285845 0.5
color 0.0 0.0 1.0
sphere 1.4255757571849768 -1.083670450529899 -6.828198712620723 0.5
color 0.4 0.4 0.4
sphere 0.0 5.3 -4.0 1.0
color 0.4 0.4 0.4
sphere 0.0 -3.5 -4.0 2.0

plane 0 1 0 3
plane 0 0 1 8

color .6 .7 .8
sun 1 1 .5
color .4 .3 .2
sun -.5 1 0

color 1 0 0

color 0 1 0

color 0 0 1

color .4 .4 .4

color 1.0 0.0 0.0
sphere -1.384669770547244 2.6816341586071726 -5.486804450163633 1.0
color 0.0 1.0 0.0
sphere 1.9515040888015973 0.1385967271121824 -5.96789080285845 0.5
color 0.0 0.0 1.0
sphere 1.4255757571849768 -1.083670450529899 -6.828198712620723 0.5
color 0.4 0.4 0.4
sphere 0.0 5.3 -4.0 1.0
color 0.4 0.4 0.4
sphere 0.0 -3.5 -4.0 2.0

plane 0 1 0 3
plane 0 0 1 8

color .6 .7 .8
sun 1 1 .5
color .4 .3 .2
sun -.5 1 0

color 1 0 0

color 0 1 0

plane 0 1 0 3
plane 0 0 1 8

color .6 .7 .8
sun 1 1 .5
color .4 .3 .2
sun -.5 1 0

color 1 0 0

color 0 1 0

color 0 0 1

color .4 .4 .4

color 1.0 0.0 0.0
sphere -1.384669770547244 2.6816341586071726 -5.486804450163633 1.0
color 0.0 1.0 0.0
sphere 1.9515040888015973 0.1385967271121824 -5.96789080285845 0.5
color 0.0 0.0 1.0
sphere 1.4255757571849768 -1.083670450529899 -6.828198712620723 0.5
color 0.4 0.4 0.4
sphere 0.0 5.3 -4.0 1.0
color 0.4 0.4 0.4
sphere 0.0 -3.5 -4.0 2.0

plane 0 1 0 3
plane 0 0 1 8

color .6 .7 .8
sun 1 1 .5
color .4 .3 .2
sun -.5 1 0

color 1 0 0

color 0 1 0

color 0 0 1

color .4 .4 .4

color 1.0 0.0 0.0
sphere -1.384669770547244 2.6816341586071726 -5.486804450163633 1.0
color 0.0 1.0 0.0
sphere 1.9515040888015973 0.1385967271121824 -5.96789080285845 0.5
color 0.0 0.0 1.0
sphere 1.4255757571849768 -1.083670450529899 -6.828198712620723 0.5
color 0.4 0.4 0.4
sphere 0.0 5.3 -4.0 1.0
color 0.4 0.4 0.4
sphere 0.0 -3.5 -4.0 2.0

plane 0 1 0 3
plane 0 0 1 8

color .6 .7 .8
sun 1 1 .5
color .4 .3 .2
sun -.5 1 0

color 1 0 0

color 0 1 0

color 0 0 1

color .4 .4 .4

color 1.0 0.0 0.0
sphere -1.384669770547244 2.6816341586071726 -5.486804450163633 1.0
color 0.0 1.0 0.0
sphere 1.9515040888015973 0.1385967271121824 -5.96789080285845 0.5
color 0.0 0.0 1.0
sphere 1.4255757571849768 -1.083670450529899 -6.828198712620723 0.5
color 0.4 0.4 0.4
sphere 0.0 5.3 -4.0 1.0
color 0.4 0.4 0.4
sphere 0.0 -3.5 -4.0 2.0

plane 0 1 0 3
plane 0 0 1 8

color .6 .7 .8
sun 1 1 .5
color .4 .3 .2
sun -.5 1 0

color 1 0 0

color 0 1 0

color 0 0 1

color .4 .4 .4

color 1.0 0.0 0.0
sphere -1.384669770547244 2.6816341586071726 -5.486804450163633 1.0
color 0.0 1.0 0.0
sphere 1.9515040888015973 0.1385967271121824 -5.96789080285845 0.5
color 0.0 0.0 1.0
sphere 1.4255757571849768 -1.083670450529899 -6.828198712620723 0.5
color 0.4 0.4 0.4
sphere 0.0 5.3 -4.0 1.0
color 0.4 0.4 0.4
sphere 0.0 -3.5 -4.0 2.0

plane 0 1 0 3
plane 0 0 1 8

color .6 .7 .8
sun 1 1 .5
color .4 .3 .2
sun -.5 1 0

color 1 0 0

color 0 1 0

color 0 0 1

color .4 .4 .4

color 1.0 0.0 0.0
sphere -1.384669770547244 2.6816341586071726 -5.486804450163633 1.0
color 0.0 1.0 0.0
sphere 1.9515040888015973 0.1385967271121824 -5.96789080285845 0.5
color 0.0 0.0 1.0
sphere 1.4255757571849768 -1.083670450529899 -6.828198712620723 0.5
color 0.4 0.4 0.4
sphere 0.0 5.3 -4.0 1.0
color 0.4 0.4 0.4
sphere 0.0 -3.5 -4.0 2.0
