png 200 200 hw5springelastic-036.png

fps 8


plane 0 1 0 2

color 1 1 1
sun 1 2 1


color 1.0 1.0 1.0
sphere -1.805985079886728 -0.6698464050243921 -4.0 0.49
color 1.0 1.0 1.0
sphere -2.296348212915921 -1.5099999999999998 -4.0 0.49
color 1.0 1.0 1.0
sphere -0.9333709606892284 -1.4538599206121379 -4.0 0.49
color 1.0 1.0 1.0
sphere 0.09980935749672289 -1.51 -4.0 0.49
color 1.0 1.0 1.0
sphere 0.21420640706339467 -0.7221977753108814 -4.0 0.49
color 1.0 1.0 1.0
sphere 2.079201002867523 -1.4938143525617273 -4.0 0.49
color 1.0 1.0 1.0
sphere 1.0810411517698784 -1.5100000000000002 -4.0 0.49
