png 200 200 hw5springanchor-060.png

plane 0 1 0 3
plane 0 0 1 8

color .6 .7 .8
sun 1 1 .5
color .4 .3 .2
sun -.5 1 0

color 1 0 0

color 0 1 0

color 0 0 1

color .4 .4 .4

color 1.0 0.0 0.0
sphere -1.3686440724367812 0.7272453868467473 -4.0 1.0
color 0.0 1.0 0.0
sphere -1.9328483978876485 -1.9144095513711148 -4.0 0.5
color 0.0 0.0 1.0
sphere -0.9648691993523122 -1.0738891822796572 -5.41821758913119 0.5
color 0.4 0.4 0.4
sphere 0.0 2.500000000000003 -4.0 1.0
color 0.4 0.4 0.4
sphere 0.0 -3.5 -4.0 2.0

plane 0 1 0 3
plane 0 0 1 8

color .6 .7 .8
sun 1 1 .5
color .4 .3 .2
sun -.5 1 0

color 1 0 0

color 0 1 0

color 0 0 1

color .4 .4 .4

color 1.0 0.0 0.0
sphere -1.3686440724367812 0.7272453868467473 -4.0 1.0
color 0.0 1.0 0.0
sphere -1.9328483978876485 -1.9144095513711148 -4.0 0.5
color 0.0 0.0 1.0
sphere -0.9648691993523122 -1.0738891822796572 -5.41821758913119 0.5
color 0.4 0.4 0.4
sphere 0.0 2.500000000000003 -4.0 1.0
color 0.4 0.4 0.4
sphere 0.0 -3.5 -4.0 2.0

plane 0 1 0 3
plane 0 0 1 8

color .6 .7 .8
sun 1 1 .5
color .4 .3 .2
sun -.5 1 0

color 1 0 0

color 0 1 0


plane 0 1 0 3
plane 0 0 1 8

color .6 .7 .8
sun 1 1 .5
color .4 .3 .2
sun -.5 1 0

color 1 0 0

color 0 1 0

color 0 0 1

color .4 .4 .4

color 1.0 0.0 0.0
sphere -1.3686440724367812 0.7272453868467473 -4.0 1.0
color 0.0 1.0 0.0
sphere -1.9328483978876485 -1.9144095513711148 -4.0 0.5
color 0.0 0.0 1.0
sphere -0.9648691993523122 -1.0738891822796572 -5.41821758913119 0.5
color 0.4 0.4 0.4
sphere 0.0 2.500000000000003 -4.0 1.0
color 0.4 0.4 0.4
sphere 0.0 -3.5 -4.0 2.0

plane 0 1 0 3
plane 0 0 1 8

color .6 .7 .8
sun 1 1 .5
color .4 .3 .2
sun -.5 1 0

color 1 0 0

color 0 1 0

color 0 0 1

color .4 .4 .4

color 1.0 0.0 0.0
sphere -1.3686440724367812 0.7272453868467473 -4.0 1.0
color 0.0 1.0 0.0
sphere -1.9328483978876485 -1.9144095513711148 -4.0 0.5
color 0.0 0.0 1.0
sphere -0.9648691993523122 -1.0738891822796572 -5.41821758913119 0.5
color 0.4 0.4 0.4
sphere 0.0 2.500000000000003 -4.0 1.0
color 0.4 0.4 0.4
sphere 0.0 -3.5 -4.0 2.0

plane 0 1 0 3
plane 0 0 1 8

color .6 .7 .8
sun 1 1 .5
color .4 .3 .2
sun -.5 1 0

color 1 0 0

color 0 1 0

color 0 0 1

color .4 .4 .4

color 1.0 0.0 0.0
sphere -1.3686440724367812 0.7272453868467473 -4.0 1.0
color 0.0 1.0 0.0
sphere -1.9328483978876485 -1.9144095513711148 -4.0 0.5
color 0.0 0.0 1.0
sphere -0.9648691993523122 -1.0738891822796572 -5.41821758913119 0.5
color 0.4 0.4 0.4
sphere 0.0 2.500000000000003 -4.0 1.0
color 0.4 0.4 0.4
sphere 0.0 -3.5 -4.0 2.0

plane 0 1 0 3
plane 0 0 1 8

color .6 .7 .8
sun 1 1 .5
color .4 .3 .2
sun -.5 1 0

color 1 0 0

color 0 1 0

color 0 0 1

color .4 .4 .4

color 1.0 0.0 0.0
sphere -1.3686440724367812 0.7272453868467473 -4.0 1.0
color 0.0 1.0 0.0
sphere -1.9328483978876485 -1.9144095513711148 -4.0 0.5
color 0.0 0.0 1.0
sphere -0.9648691993523122 -1.0738891822796572 -5.41821758913119 0.5
color 0.4 0.4 0.4
sphere 0.0 2.500000000000003 -4.0 1.0
color 0.4 0.4 0.4
sphere 0.0 -3.5 -4.0 2.0

plane 0 1 0 3
plane 0 0 1 8

color .6 .7 .8
sun 1 1 .5
color .4 .3 .2
sun -.5 1 0

color 1 0 0

color 0 1 0

color 0 0 1

color .4 .4 .4

color 1.0 0.0 0.0
sphere -1.3686440724367812 0.7272453868467473 -4.0 1.0
color 0.0 1.0 0.0
sphere -1.9328483978876485 -1.9144095513711148 -4.0 0.5
color 0.0 0.0 1.0
sphere -0.9648691993523122 -1.0738891822796572 -5.41821758913119 0.5
color 0.4 0.4 0.4
sphere 0.0 2.500000000000003 -4.0 1.0
color 0.4 0.4 0.4
sphere 0.0 -3.5 -4.0 2.0
