png 200 200 hw5springelastic-018.png

fps 8


plane 0 1 0 2

color 1 1 1
sun 1 2 1


color 1.0 1.0 1.0
sphere -2.5 -0.91 -4.0 0.49
color 1.0 1.0 1.0
sphere -1.5 -1.34125 -4.0 0.49
color 1.0 1.0 1.0
sphere -0.5 -1.5099999999999998 -4.0 0.49
color 1.0 1.0 1.0
sphere 0.5 -1.5100000000000002 -4.0 0.49
color 1.0 1.0 1.0
sphere 1.3381901345765654 -0.23968857450726355 -4.0 0.49
color 1.0 1.0 1.0
sphere 1.5531564817787273 -1.51 -4.0 0.49
color 1.0 1.0 1.0
sphere 1.6266533836447057 1.1353883961715994 -4.0 0.49
