png 200 200 hw5springanchor-070.png

plane 0 1 0 3
plane 0 0 1 8

color .6 .7 .8
sun 1 1 .5
color .4 .3 .2
sun -.5 1 0

color 1 0 0

color 0 1 0

color 0 0 1

color .4 .4 .4

color 1.0 0.0 0.0
sphere 0.14637382082747963 0.7708913554715852 -3.708931238009708 1.0
color 0.0 1.0 0.0
sphere -2.0370395313487535 1.1032934095001738 -4.0 0.5
color 0.0 0.0 1.0
sphere -0.35355364602562567 -0.45138395969382356 -5.69646597376857 0.5
color 0.4 0.4 0.4
sphere 0.0 3.500000000000004 -4.0 1.0
color 0.4 0.4 0.4
sphere 0.0 -3.5 -4.0 2.0

plane 0 1 0 3
plane 0 0 1 8

color .6 .7 .8
sun 1 1 .5
color .4 .3 .2
sun -.5 1 0

color 1 0 0

color 0 1 0

color 0 0 1

color .4 .4 .4

color 1.0 0.0 0.0
sphere 0.14637382082747963 0.7708913554715852 -3.708931238009708 1.0
color 0.0 1.0 0.0
sphere -2.0370395313487535 1.1032934095001738 -4.0 0.5
color 0.0 0.0 1.0
sphere -0.35355364602562567 -0.45138395969382356 -5.69646597376857 0.5
color 0.4 0.4 0.4
sphere 0.0 3.500000000000004 -4.0 1.0
color 0.4 0.4 0.4
sphere 0.0 -3.5 -4.0 2.0

plane 0 1 0 3
plane 0 0 1 8

color .6 .7 .8
sun 1 1 .5
color .4 .3 .2
sun -.5 1 0

color 1 0 0

color 0 1 0

plane 0 1 0 3
plane 0 0 1 8

color .6 .7 .8
sun 1 1 .5
color .4 .3 .2
sun -.5 1 0

color 1 0 0

color 0 1 0

color 0 0 1

color .4 .4 .4

color 1.0 0.0 0.0
sphere 0.14637382082747963 0.7708913554715852 -3.708931238009708 1.0
color 0.0 1.0 0.0
sphere -2.0370395313487535 1.1032934095001738 -4.0 0.5
color 0.0 0.0 1.0
sphere -0.35355364602562567 -0.45138395969382356 -5.69646597376857 0.5
color 0.4 0.4 0.4
sphere 0.0 3.500000000000004 -4.0 1.0
color 0.4 0.4 0.4
sphere 0.0 -3.5 -4.0 2.0

plane 0 1 0 3
plane 0 0 1 8

color .6 .7 .8
sun 1 1 .5
color .4 .3 .2
sun -.5 1 0

color 1 0 0

color 0 1 0

color 0 0 1

color .4 .4 .4

color 1.0 0.0 0.0
sphere 0.14637382082747963 0.7708913554715852 -3.708931238009708 1.0
color 0.0 1.0 0.0
sphere -2.0370395313487535 1.1032934095001738 -4.0 0.5
color 0.0 0.0 1.0
sphere -0.35355364602562567 -0.45138395969382356 -5.69646597376857 0.5
color 0.4 0.4 0.4
sphere 0.0 3.500000000000004 -4.0 1.0
color 0.4 0.4 0.4
sphere 0.0 -3.5 -4.0 2.0

plane 0 1 0 3
plane 0 0 1 8

color .6 .7 .8
sun 1 1 .5
color .4 .3 .2
sun -.5 1 0

color 1 0 0

color 0 1 0

color 0 0 1

color .4 .4 .4

color 1.0 0.0 0.0
sphere 0.14637382082747963 0.7708913554715852 -3.708931238009708 1.0
color 0.0 1.0 0.0
sphere -2.0370395313487535 1.1032934095001738 -4.0 0.5
color 0.0 0.0 1.0
sphere -0.35355364602562567 -0.45138395969382356 -5.69646597376857 0.5
color 0.4 0.4 0.4
sphere 0.0 3.500000000000004 -4.0 1.0
color 0.4 0.4 0.4
sphere 0.0 -3.5 -4.0 2.0

plane 0 1 0 3
plane 0 0 1 8

color .6 .7 .8
sun 1 1 .5
color .4 .3 .2
sun -.5 1 0

color 1 0 0

color 0 1 0

color 0 0 1

color .4 .4 .4

color 1.0 0.0 0.0
sphere 0.14637382082747963 0.7708913554715852 -3.708931238009708 1.0
color 0.0 1.0 0.0
sphere -2.0370395313487535 1.1032934095001738 -4.0 0.5
color 0.0 0.0 1.0
sphere -0.35355364602562567 -0.45138395969382356 -5.69646597376857 0.5
color 0.4 0.4 0.4
sphere 0.0 3.500000000000004 -4.0 1.0
color 0.4 0.4 0.4
sphere 0.0 -3.5 -4.0 2.0

plane 0 1 0 3
plane 0 0 1 8

color .6 .7 .8
sun 1 1 .5
color .4 .3 .2
sun -.5 1 0

color 1 0 0

color 0 1 0

color 0 0 1

color .4 .4 .4

color 1.0 0.0 0.0
sphere 0.14637382082747963 0.7708913554715852 -3.708931238009708 1.0
color 0.0 1.0 0.0
sphere -2.0370395313487535 1.1032934095001738 -4.0 0.5
color 0.0 0.0 1.0
sphere -0.35355364602562567 -0.45138395969382356 -5.69646597376857 0.5
color 0.4 0.4 0.4
sphere 0.0 3.500000000000004 -4.0 1.0
color 0.4 0.4 0.4
sphere 0.0 -3.5 -4.0 2.0
