png 200 200 hw5springradius-007.png

fps 8


plane 0 1 0 3

color 1 1 1
sun 1 1 1

color 1 0 0

color 0 0.6 0

color 0 0.3 1
color 1.0 0.0 0.0
sphere -1.6767295472343333 -1.6811836175579866 -4.0 0.5
color 0.0 0.6 0.0
sphere 0.3603046094955208 -1.1721963407238383 -4.0 1.5
color 0.0 0.3 1.0
sphere 2.168221650799335 -0.29662004171817613 -4.0 0.25

fps 8


plane 0 1 0 3

color 1 1 1
sun 1 1 1

color 1 0 0

color 0 0.6 0

color 0 0.3 1
color 1.0 0.0 0.0
sphere -1.6767295472343333 -1.6811836175579866 -4.0 0.5
color 0.0 0.6 0.0
sphere 0.3603046094955208 -1.1721963407238383 -4.0 1.5
color 0.0 0.3 1.0
sphere 2.168221650799335 -0.29662004171817613 -4.0 0.25

fps 8


plane 0 1 0 3

color 1 1 1
sun 1 1 1

color 1 0 0

color 0 0.6 0

color 0 0.3 1
color 1.0 0.0 0.0
sphere -1.694785329868901 -1.6767126478529855 -4.0 0.5
color 0.0 0.6 0.0
sphere 0.3716681246610024 -1.1847955321276413 -4.0 1.5
color 0.0 0.3 1.0
sphere 2.174913918268422 -0.28849182001937407 -4.0 0.25
