png 200 200 hw5springmass-027.png

fps 8

color 1 1 1
sun 1 1 1



color 1.0 1.0 1.0
sphere -1.7000000000000004 2.0 -4.0 0.5
color 1.0 1.0 1.0
sphere 1.7000000000000004 2.0 -4.0 0.5
color 1.0 1.0 1.0
sphere -0.9000000000000001 0.0 -4.0 0.5
color 1.0 1.0 1.0
sphere 2.5 0.0 -4.0 0.5
color 1.0 1.0 1.0
sphere 0.26363636363636334 -2.0 -4.0 0.5
color 1.0 1.0 1.0
sphere 3.6636363636363636 -2.0 -4.0 0.5

fps 8

color 1 1 1
sun 1 1 1



color 1.0 1.0 1.0
sphere -1.7000000000000004 2.0 -4.0 0.5
color 1.0 1.0 1.0
sphere 1.7000000000000004 2.0 -4.0 0.5
color 1.0 1.0 1.0
sphere -0.9000000000000001 0.0 -4.0 0.5
color 1.0 1.0 1.0
sphere 2.5 0.0 -4.0 0.5
color 1.0 1.0 1.0
sphere 0.26363636363636334 -2.0 -4.0 0.5
color 1.0 1.0 1.0
sphere 3.6636363636363636 -2.0 -4.0 0.5
