png 200 200 hw5springanchor-073.png

plane 0 1 0 3
plane 0 0 1 8

color .6 .7 .8
sun 1 1 .5
color .4 .3 .2
sun -.5 1 0

color 1 0 0

color 0 1 0

color 0 0 1

color .4 .4 .4

color 1.0 0.0 0.0
sphere -1.7072523583450407 -0.6876162468175642 -4.417862476019417 1.0
color 0.0 1.0 0.0
sphere -1.3425988283718837 1.6308485369045023 -4.0 0.5
color 0.0 0.0 1.0
sphere -2.493718880544845 -2.2519659396068885 -5.918062756389313 0.5
color 0.4 0.4 0.4
sphere 0.0 3.8000000000000043 -4.0 1.0
color 0.4 0.4 0.4
sphere 0.0 -3.5 -4.0 2.0

plane 0 1 0 3
plane 0 0 1 8

color .6 .7 .8
sun 1 1 .5
color .4 .3 .2
sun -.5 1 0

color 1 0 0

color 0 1 0

color 0 0 1

color .4 .4 .4

color 1.0 0.0 0.0
sphere -1.7072523583450407 -0.6876162468175642 -4.417862476019417 1.0
color 0.0 1.0 0.0
sphere -1.3425988283718837 1.6308485369045023 -4.0 0.5
color 0.0 0.0 1.0
sphere -2.493718880544845 -2.2519659396068885 -5.918062756389313 0.5
color 0.4 0.4 0.4
sphere 0.0 3.8000000000000043 -4.0 1.0
color 0.4 0.4 0.4
sphere 0.0 -3.5 -4.0 2.0

plane 0 1 0 3
plane 0 0 1 8

color .6 .7 .8
sun 1 1 .5
color .4 .3 .2
sun -.5 1 0

color 1 0 0

color 0 1 0

plane 0 1 0 3
plane 0 0 1 8

color .6 .7 .8
sun 1 1 .5
color .4 .3 .2
sun -.5 1 0

color 1 0 0

color 0 1 0

color 0 0 1

color .4 .4 .4

color 1.0 0.0 0.0
sphere -1.7072523583450407 -0.6876162468175642 -4.417862476019417 1.0
color 0.0 1.0 0.0
sphere -1.3425988283718837 1.6308485369045023 -4.0 0.5
color 0.0 0.0 1.0
sphere -2.493718880544845 -2.2519659396068885 -5.918062756389313 0.5
color 0.4 0.4 0.4
sphere 0.0 3.8000000000000043 -4.0 1.0
color 0.4 0.4 0.4
sphere 0.0 -3.5 -4.0 2.0

plane 0 1 0 3
plane 0 0 1 8

color .6 .7 .8
sun 1 1 .5
color .4 .3 .2
sun -.5 1 0

color 1 0 0

color 0 1 0

color 0 0 1

color .4 .4 .4

color 1.0 0.0 0.0
sphere -1.7072523583450407 -0.6876162468175642 -4.417862476019417 1.0
color 0.0 1.0 0.0
sphere -1.3425988283718837 1.6308485369045023 -4.0 0.5
color 0.0 0.0 1.0
sphere -2.493718880544845 -2.2519659396068885 -5.918062756389313 0.5
color 0.4 0.4 0.4
sphere 0.0 3.8000000000000043 -4.0 1.0
color 0.4 0.4 0.4
sphere 0.0 -3.5 -4.0 2.0

plane 0 1 0 3
plane 0 0 1 8

color .6 .7 .8
sun 1 1 .5
color .4 .3 .2
sun -.5 1 0

color 1 0 0

color 0 1 0

color 0 0 1

color .4 .4 .4

color 1.0 0.0 0.0
sphere -1.7072523583450407 -0.6876162468175642 -4.417862476019417 1.0
color 0.0 1.0 0.0
sphere -1.3425988283718837 1.6308485369045023 -4.0 0.5
color 0.0 0.0 1.0
sphere -2.493718880544845 -2.2519659396068885 -5.918062756389313 0.5
color 0.4 0.4 0.4
sphere 0.0 3.8000000000000043 -4.0 1.0
color 0.4 0.4 0.4
sphere 0.0 -3.5 -4.0 2.0

plane 0 1 0 3
plane 0 0 1 8

color .6 .7 .8
sun 1 1 .5
color .4 .3 .2
sun -.5 1 0

color 1 0 0

color 0 1 0

color 0 0 1

color .4 .4 .4

color 1.0 0.0 0.0
sphere -1.7072523583450407 -0.6876162468175642 -4.417862476019417 1.0
color 0.0 1.0 0.0
sphere -1.3425988283718837 1.6308485369045023 -4.0 0.5
color 0.0 0.0 1.0
sphere -2.493718880544845 -2.2519659396068885 -5.918062756389313 0.5
color 0.4 0.4 0.4
sphere 0.0 3.8000000000000043 -4.0 1.0
color 0.4 0.4 0.4
sphere 0.0 -3.5 -4.0 2.0

plane 0 1 0 3
plane 0 0 1 8

color .6 .7 .8
sun 1 1 .5
color .4 .3 .2
sun -.5 1 0

color 1 0 0

color 0 1 0

color 0 0 1

color .4 .4 .4

color 1.0 0.0 0.0
sphere -1.7072523583450407 -0.6876162468175642 -4.417862476019417 1.0
color 0.0 1.0 0.0
sphere -1.3425988283718837 1.6308485369045023 -4.0 0.5
color 0.0 0.0 1.0
sphere -2.493718880544845 -2.2519659396068885 -5.918062756389313 0.5
color 0.4 0.4 0.4
sphere 0.0 3.8000000000000043 -4.0 1.0
color 0.4 0.4 0.4
sphere 0.0 -3.5 -4.0 2.0
