png 200 200 hw5springradius-017.png

fps 8


plane 0 1 0 3

color 1 1 1
sun 1 1 1

color 1 0 0

color 0 0.6 0

color 0 0.3 1
color 1.0 0.0 0.0
sphere 0.10556832652463355 -2.081063954706244 -4.0 0.5
color 0.0 0.6 0.0
sphere 0.7692828602899535 0.023121969515521618 -4.0 1.5
color 0.0 0.3 1.0
sphere 2.75 1.4729511346722768 -4.0 0.25

fps 8


plane 0 1 0 3

color 1 1 1
sun 1 1 1

color 1 0 0

color 0 0.6 0

color 0 0.3 1
color 1.0 0.0 0.0
sphere 0.10556832652463355 -2.081063954706244 -4.0 0.5
color 0.0 0.6 0.0
sphere 0.7692828602899535 0.023121969515521618 -4.0 1.5
color 0.0 0.3 1.0
sphere 2.75 1.4729511346722768 -4.0 0.25

fps 8


plane 0 1 0 3

color 1 1 1
sun 1 1 1

color 1 0 0

color 0 0.6 0

color 0 0.3 1
color 1.0 0.0 0.0
sphere 0.10067229908746389 -1.9944356890438824 -4.0 0.5
color 0.0 0.6 0.0
sphere 0.5196306320504483 0.06363640362405133 -4.0 1.5
color 0.0 0.3 1.0
sphere 2.380693338153964 1.3639890252560365 -4.0 0.25
