png 200 200 hw5springanchor-119.png

plane 0 1 0 3
plane 0 0 1 8

color .6 .7 .8
sun 1 1 .5
color .4 .3 .2
sun -.5 1 0

color 1 0 0

color 0 1 0

color 0 0 1

color .4 .4 .4

color 1.0 0.0 0.0
sphere -1.324074984469921 -1.2622371203539458 -5.496409947166612 1.0
color 0.0 1.0 0.0
sphere -1.7576916467864847 -1.8389974351747074 -7.399218578780139 0.5
color 0.0 0.0 1.0
sphere -0.6037226557635813 6.761110641126941 -4.6307170001199225 0.5
color 0.4 0.4 0.4
sphere 0.0 8.39999999999999 -4.0 1.0
color 0.4 0.4 0.4
sphere 0.0 -3.5 -4.0 2.0

plane 0 1 0 3
plane 0 0 1 8

color .6 .7 .8
sun 1 1 .5
color .4 .3 .2
sun -.5 1 0

color 1 0 0

color 0 1 0

color 0 0 1

color .4 .4 .4

color 1.0 0.0 0.0
sphere -1.324074984469921 -1.2622371203539458 -5.496409947166612 1.0
color 0.0 1.0 0.0
sphere -1.7576916467864847 -1.8389974351747074 -7.399218578780139 0.5
color 0.0 0.0 1.0
sphere -0.6037226557635813 6.761110641126941 -4.6307170001199225 0.5
color 0.4 0.4 0.4
sphere 0.0 8.39999999999999 -4.0 1.0
color 0.4 0.4 0.4
sphere 0.0 -3.5 -4.0 2.0

plane 0 1 0 3
plane 0 0 1 8

color .6 .7 .8
sun 1 1 .5
color .4 .3 .2
sun -.5 1 0

color 1 0 0

color 0 1 0

plane 0 1 0 3
plane 0 0 1 8

color .6 .7 .8
sun 1 1 .5
color .4 .3 .2
sun -.5 1 0

color 1 0 0

color 0 1 0

color 0 0 1

color .4 .4 .4

color 1.0 0.0 0.0
sphere -1.324074984469921 -1.2622371203539458 -5.496409947166612 1.0
color 0.0 1.0 0.0
sphere -1.7576916467864847 -1.8389974351747074 -7.399218578780139 0.5
color 0.0 0.0 1.0
sphere -0.6037226557635813 6.761110641126941 -4.6307170001199225 0.5
color 0.4 0.4 0.4
sphere 0.0 8.39999999999999 -4.0 1.0
color 0.4 0.4 0.4
sphere 0.0 -3.5 -4.0 2.0

plane 0 1 0 3
plane 0 0 1 8

color .6 .7 .8
sun 1 1 .5
color .4 .3 .2
sun -.5 1 0

color 1 0 0

color 0 1 0

color 0 0 1

color .4 .4 .4

color 1.0 0.0 0.0
sphere -1.324074984469921 -1.2622371203539458 -5.496409947166612 1.0
color 0.0 1.0 0.0
sphere -1.7576916467864847 -1.8389974351747074 -7.399218578780139 0.5
color 0.0 0.0 1.0
sphere -0.6037226557635813 6.761110641126941 -4.6307170001199225 0.5
color 0.4 0.4 0.4
sphere 0.0 8.39999999999999 -4.0 1.0
color 0.4 0.4 0.4
sphere 0.0 -3.5 -4.0 2.0

plane 0 1 0 3
plane 0 0 1 8

color .6 .7 .8
sun 1 1 .5
color .4 .3 .2
sun -.5 1 0

color 1 0 0

color 0 1 0

color 0 0 1

color .4 .4 .4

color 1.0 0.0 0.0
sphere -1.324074984469921 -1.2622371203539458 -5.496409947166612 1.0
color 0.0 1.0 0.0
sphere -1.7576916467864847 -1.8389974351747074 -7.399218578780139 0.5
color 0.0 0.0 1.0
sphere -0.6037226557635813 6.761110641126941 -4.6307170001199225 0.5
color 0.4 0.4 0.4
sphere 0.0 8.39999999999999 -4.0 1.0
color 0.4 0.4 0.4
sphere 0.0 -3.5 -4.0 2.0

plane 0 1 0 3
plane 0 0 1 8

color .6 .7 .8
sun 1 1 .5
color .4 .3 .2
sun -.5 1 0

color 1 0 0

color 0 1 0

color 0 0 1

color .4 .4 .4

color 1.0 0.0 0.0
sphere -1.324074984469921 -1.2622371203539458 -5.496409947166612 1.0
color 0.0 1.0 0.0
sphere -1.7576916467864847 -1.8389974351747074 -7.399218578780139 0.5
color 0.0 0.0 1.0
sphere -0.6037226557635813 6.761110641126941 -4.6307170001199225 0.5
color 0.4 0.4 0.4
sphere 0.0 8.39999999999999 -4.0 1.0
color 0.4 0.4 0.4
sphere 0.0 -3.5 -4.0 2.0

plane 0 1 0 3
plane 0 0 1 8

color .6 .7 .8
sun 1 1 .5
color .4 .3 .2
sun -.5 1 0

color 1 0 0

color 0 1 0

color 0 0 1

color .4 .4 .4

color 1.0 0.0 0.0
sphere -1.324074984469921 -1.2622371203539458 -5.496409947166612 1.0
color 0.0 1.0 0.0
sphere -1.7576916467864847 -1.8389974351747074 -7.399218578780139 0.5
color 0.0 0.0 1.0
sphere -0.6037226557635813 6.761110641126941 -4.6307170001199225 0.5
color 0.4 0.4 0.4
sphere 0.0 8.39999999999999 -4.0 1.0
color 0.4 0.4 0.4
sphere 0.0 -3.5 -4.0 2.0
