png 200 200 hw5springelastic-022.png

fps 8


plane 0 1 0 2

color 1 1 1
sun 1 2 1


color 1.0 1.0 1.0
sphere -2.5 -1.06 -4.0 0.49
color 1.0 1.0 1.0
sphere -1.5 -1.2693750000000004 -4.0 0.49
color 1.0 1.0 1.0
sphere -0.5 -1.5099999999999998 -4.0 0.49
color 1.0 1.0 1.0
sphere 0.49756654274741285 -1.5100000000000002 -4.0 0.49
color 1.0 1.0 1.0
sphere 0.5314297176966146 -0.6509674100583206 -4.0 0.49
color 1.0 1.0 1.0
sphere 2.1839746364183994 -1.4144470359072676 -4.0 0.49
color 1.0 1.0 1.0
sphere 1.8090291031375714 -0.4872941003613317 -4.0 0.49
