png 200 200 hw5springradius-024.png

fps 8


plane 0 1 0 3

color 1 1 1
sun 1 1 1

color 1 0 0

color 0 0.6 0

color 0 0.3 1
color 1.0 0.0 0.0
sphere 2.5 -1.58920161222346 -4.0 0.5
color 0.0 0.6 0.0
sphere 0.8108289315087066 0.36779867219763196 -4.0 1.5
color 0.0 0.3 1.0
sphere 0.8812496306614993 2.8239603256985446 -4.0 0.25

fps 8


plane 0 1 0 3

color 1 1 1
sun 1 1 1

color 1 0 0

color 0 0.6 0

color 0 0.3 1
color 1.0 0.0 0.0
sphere 2.5 -1.58920161222346 -4.0 0.5
color 0.0 0.6 0.0
sphere 0.8108289315087066 0.36779867219763196 -4.0 1.5
color 0.0 0.3 1.0
sphere 0.8812496306614993 2.8239603256985446 -4.0 0.25

fps 8


plane 0 1 0 3

color 1 1 1
sun 1 1 1

color 1 0 0

color 0 0.6 0

color 0 0.3 1
color 1.0 0.0 0.0
sphere 1.312848069437921 -1.4168188484608832 -4.0 0.5
color 0.0 0.6 0.0
sphere -1.0367768211250405 -0.5489277463296182 -4.0 1.5
color 0.0 0.3 1.0
sphere -0.20445329476828877 1.7266379164273107 -4.0 0.25
