png 200 200 hw5springradius-035.png

fps 8


plane 0 1 0 3

color 1 1 1
sun 1 1 1

color 1 0 0

color 0 0.6 0

color 0 0.3 1
color 1.0 0.0 0.0
sphere 0.9965956864542242 0.6473556976208805 -4.0 0.5
color 0.0 0.6 0.0
sphere 0.9279173593324223 -1.5 -4.0 1.5
color 0.0 0.3 1.0
sphere 0.20143751256280326 0.022249757546325327 -4.0 0.25

fps 8


plane 0 1 0 3

color 1 1 1
sun 1 1 1

color 1 0 0

color 0 0.6 0

color 0 0.3 1
color 1.0 0.0 0.0
sphere 0.9965956864542242 0.6473556976208805 -4.0 0.5
color 0.0 0.6 0.0
sphere 0.9279173593324223 -1.5 -4.0 1.5
color 0.0 0.3 1.0
sphere 0.20143751256280326 0.022249757546325327 -4.0 0.25

fps 8


plane 0 1 0 3

color 1 1 1
sun 1 1 1

color 1 0 0

color 0 0.6 0

color 0 0.3 1
color 1.0 0.0 0.0
sphere -1.155475740753983 1.0344162399103702 -4.0 0.5
color 0.0 0.6 0.0
sphere 0.6137845071157289 -0.11574005976976735 -4.0 1.5
color 0.0 0.3 1.0
sphere -0.8130491617379717 -1.3449199029973833 -4.0 0.25
