png 200 200 hw5springanchor-008.png

plane 0 1 0 3
plane 0 0 1 8

color .6 .7 .8
sun 1 1 .5
color .4 .3 .2
sun -.5 1 0

color 1 0 0

color 0 1 0

color 0 0 1

color .4 .4 .4

color 1.0 0.0 0.0
sphere 0.0 -0.49999999999999983 -4.0 1.0
color 0.0 1.0 0.0
sphere 1.5 -0.1999999999999998 -4.0 0.5
color 0.0 0.0 1.0
sphere -2.0515248496555456 -2.1665088477238954 -3.4871187875861134 0.5
color 0.4 0.4 0.4
sphere 0.0 -2.6999999999999993 -4.0 1.0
color 0.4 0.4 0.4
sphere 0.0 -3.5 -4.0 2.0

plane 0 1 0 3
plane 0 0 1 8

color .6 .7 .8
sun 1 1 .5
color .4 .3 .2
sun -.5 1 0

color 1 0 0

color 0 1 0

color 0 0 1

color .4 .4 .4

color 1.0 0.0 0.0
sphere 0.0 -0.49999999999999983 -4.0 1.0
color 0.0 1.0 0.0
sphere 1.5 -0.1999999999999998 -4.0 0.5
color 0.0 0.0 1.0
sphere -2.0515248496555456 -2.1665088477238954 -3.4871187875861134 0.5
color 0.4 0.4 0.4
sphere 0.0 -2.6999999999999993 -4.0 1.0
color 0.4 0.4 0.4
sphere 0.0 -3.5 -4.0 2.0

plane 0 1 0 3
plane 0 0 1 8

color .6 .7 .8
sun 1 1 .5
color .4 .3 .2
sun -.5 1 0

color 1 0 0

color 0 1 0


plane 0 1 0 3
plane 0 0 1 8

color .6 .7 .8
sun 1 1 .5
color .4 .3 .2
sun -.5 1 0

color 1 0 0

color 0 1 0

color 0 0 1

color .4 .4 .4

color 1.0 0.0 0.0
sphere 0.0 -0.49999999999999983 -4.0 1.0
color 0.0 1.0 0.0
sphere 1.5 -0.1999999999999998 -4.0 0.5
color 0.0 0.0 1.0
sphere -2.0515248496555456 -2.1665088477238954 -3.4871187875861134 0.5
color 0.4 0.4 0.4
sphere 0.0 -2.6999999999999993 -4.0 1.0
color 0.4 0.4 0.4
sphere 0.0 -3.5 -4.0 2.0

plane 0 1 0 3
plane 0 0 1 8

color .6 .7 .8
sun 1 1 .5
color .4 .3 .2
sun -.5 1 0

color 1 0 0

color 0 1 0

color 0 0 1

color .4 .4 .4

color 1.0 0.0 0.0
sphere 0.0 -0.49999999999999983 -4.0 1.0
color 0.0 1.0 0.0
sphere 1.5 -0.1999999999999998 -4.0 0.5
color 0.0 0.0 1.0
sphere -2.0515248496555456 -2.1665088477238954 -3.4871187875861134 0.5
color 0.4 0.4 0.4
sphere 0.0 -2.6999999999999993 -4.0 1.0
color 0.4 0.4 0.4
sphere 0.0 -3.5 -4.0 2.0

plane 0 1 0 3
plane 0 0 1 8

color .6 .7 .8
sun 1 1 .5
color .4 .3 .2
sun -.5 1 0

color 1 0 0

color 0 1 0

color 0 0 1

color .4 .4 .4

color 1.0 0.0 0.0
sphere 0.0 -0.49999999999999983 -4.0 1.0
color 0.0 1.0 0.0
sphere 1.5 -0.1999999999999998 -4.0 0.5
color 0.0 0.0 1.0
sphere -2.0515248496555456 -2.1665088477238954 -3.4871187875861134 0.5
color 0.4 0.4 0.4
sphere 0.0 -2.6999999999999993 -4.0 1.0
color 0.4 0.4 0.4
sphere 0.0 -3.5 -4.0 2.0

plane 0 1 0 3
plane 0 0 1 8

color .6 .7 .8
sun 1 1 .5
color .4 .3 .2
sun -.5 1 0

color 1 0 0

color 0 1 0

color 0 0 1

color .4 .4 .4

color 1.0 0.0 0.0
sphere 0.0 -0.49999999999999983 -4.0 1.0
color 0.0 1.0 0.0
sphere 1.5 -0.1999999999999998 -4.0 0.5
color 0.0 0.0 1.0
sphere -2.0515248496555456 -2.1665088477238954 -3.4871187875861134 0.5
color 0.4 0.4 0.4
sphere 0.0 -2.6999999999999993 -4.0 1.0
color 0.4 0.4 0.4
sphere 0.0 -3.5 -4.0 2.0

plane 0 1 0 3
plane 0 0 1 8

color .6 .7 .8
sun 1 1 .5
color .4 .3 .2
sun -.5 1 0

color 1 0 0

color 0 1 0

color 0 0 1

color .4 .4 .4

color 1.0 0.0 0.0
sphere 0.0 -0.49999999999999983 -4.0 1.0
color 0.0 1.0 0.0
sphere 1.5 -0.1999999999999998 -4.0 0.5
color 0.0 0.0 1.0
sphere -2.0515248496555456 -2.1665088477238954 -3.4871187875861134 0.5
color 0.4 0.4 0.4
sphere 0.0 -2.6999999999999993 -4.0 1.0
color 0.4 0.4 0.4
sphere 0.0 -3.5 -4.0 2.0
