png 200 200 hw5springball-009.png

fps 8


plane 0 1 0 3

color 1 1 1
sun 1 1 1

color 1 0 0

color 0 0.6 0

color 0 0.3 1
color 1.0 0.0 0.0
sphere 0.0 -0.09999999999999984 -4.0 0.5
color 0.0 0.6 0.0
sphere 2.5 -1.0545895725285135 -4.0 0.5
color 0.0 0.3 1.0
sphere 2.2457091417906567 -0.34541042747148687 -4.0 0.5

fps 8


plane 0 1 0 3

color 1 1 1
sun 1 1 1

color 1 0 0

color 0 0.6 0

color 0 0.3 1
color 1.0 0.0 0.0
sphere 0.0 -0.09999999999999984 -4.0 0.5
color 0.0 0.6 0.0
sphere 2.5 -1.0545895725285135 -4.0 0.5
color 0.0 0.3 1.0
sphere 2.2457091417906567 -0.34541042747148687 -4.0 0.5

fps 8


plane 0 1 0 3

color 1 1 1
sun 1 1 1

color 1 0 0

color 0 0.6 0

color 0 0.3 1
color 1.0 0.0 0.0
sphere 0.0 -0.09999999999999984 -4.0 0.5
color 0.0 0.6 0.0
sphere 2.5 -1.0545895725285135 -4.0 0.5
color 0.0 0.3 1.0
sphere 2.2457091417906567 -0.34541042747148687 -4.0 0.5

fps 8


plane 0 1 0 3

color 1 1 1
sun 1 1 1

color 1 0 0

color 0 0.6 0

color 0 0.3 1
color 1.0 0.0 0.0
sphere 0.0 -0.09999999999999984 -4.0 0.5
color 0.0 0.6 0.0
sphere 2.5 -1.0545895725285135 -4.0 0.5
color 0.0 0.3 1.0
sphere 2.2457091417906567 -0.34541042747148687 -4.0 0.5

fps 8


plane 0 1 0 3

color 1 1 1
sun 1 1 1

color 1 0 0

color 0 0.6 0

color 0 0.3 1
color 1.0 0.0 0.0
sphere 0.0 -0.09999999999999984 -4.0 0.5
color 0.0 0.6 0.0
sphere 2.5 -1.0545895725285135 -4.0 0.5
color 0.0 0.3 1.0
sphere 2.2457091417906567 -0.34541042747148687 -4.0 0.5

fps 8


plane 0 1 0 3

color 1 1 1
sun 1 1 1

color 1 0 0

color 0 0.6 0

color 0 0.3 1
color 1.0 0.0 0.0
sphere 0.0 -0.09999999999999984 -4.0 0.5
color 0.0 0.6 0.0
sphere 2.5 -1.0545895725285135 -4.0 0.5
color 0.0 0.3 1.0
sphere 2.2457091417906567 -0.34541042747148687 -4.0 0.5
