png 200 200 hw5springanchor-055.png

plane 0 1 0 3
plane 0 0 1 8

color .6 .7 .8
sun 1 1 .5
color .4 .3 .2
sun -.5 1 0

color 1 0 0

color 0 1 0

color 0 0 1

color .4 .4 .4

color 1.0 0.0 0.0
sphere -1.7309561077853335 -0.6600234881293716 -4.0 1.0
color 0.0 1.0 0.0
sphere -2.4551475226749755 -2.5 -4.0 0.5
color 0.0 0.0 1.0
sphere -1.5936821350605008 -0.7197203151822302 -6.2189031317730405 0.5
color 0.4 0.4 0.4
sphere 0.0 2.0000000000000027 -4.0 1.0
color 0.4 0.4 0.4
sphere 0.0 -3.5 -4.0 2.0

plane 0 1 0 3
plane 0 0 1 8

color .6 .7 .8
sun 1 1 .5
color .4 .3 .2
sun -.5 1 0

color 1 0 0

color 0 1 0

color 0 0 1

color .4 .4 .4

color 1.0 0.0 0.0
sphere -1.7309561077853335 -0.6600234881293716 -4.0 1.0
color 0.0 1.0 0.0
sphere -2.4551475226749755 -2.5 -4.0 0.5
color 0.0 0.0 1.0
sphere -1.5936821350605008 -0.7197203151822302 -6.2189031317730405 0.5
color 0.4 0.4 0.4
sphere 0.0 2.0000000000000027 -4.0 1.0
color 0.4 0.4 0.4
sphere 0.0 -3.5 -4.0 2.0

plane 0 1 0 3
plane 0 0 1 8

color .6 .7 .8
sun 1 1 .5
color .4 .3 .2
sun -.5 1 0

color 1 0 0

color 0 1 0


plane 0 1 0 3
plane 0 0 1 8

color .6 .7 .8
sun 1 1 .5
color .4 .3 .2
sun -.5 1 0

color 1 0 0

color 0 1 0

color 0 0 1

color .4 .4 .4

color 1.0 0.0 0.0
sphere -1.7309561077853335 -0.6600234881293716 -4.0 1.0
color 0.0 1.0 0.0
sphere -2.4551475226749755 -2.5 -4.0 0.5
color 0.0 0.0 1.0
sphere -1.5936821350605008 -0.7197203151822302 -6.2189031317730405 0.5
color 0.4 0.4 0.4
sphere 0.0 2.0000000000000027 -4.0 1.0
color 0.4 0.4 0.4
sphere 0.0 -3.5 -4.0 2.0

plane 0 1 0 3
plane 0 0 1 8

color .6 .7 .8
sun 1 1 .5
color .4 .3 .2
sun -.5 1 0

color 1 0 0

color 0 1 0

color 0 0 1

color .4 .4 .4

color 1.0 0.0 0.0
sphere -1.7309561077853335 -0.6600234881293716 -4.0 1.0
color 0.0 1.0 0.0
sphere -2.4551475226749755 -2.5 -4.0 0.5
color 0.0 0.0 1.0
sphere -1.5936821350605008 -0.7197203151822302 -6.2189031317730405 0.5
color 0.4 0.4 0.4
sphere 0.0 2.0000000000000027 -4.0 1.0
color 0.4 0.4 0.4
sphere 0.0 -3.5 -4.0 2.0

plane 0 1 0 3
plane 0 0 1 8

color .6 .7 .8
sun 1 1 .5
color .4 .3 .2
sun -.5 1 0

color 1 0 0

color 0 1 0

color 0 0 1

color .4 .4 .4

color 1.0 0.0 0.0
sphere -1.7309561077853335 -0.6600234881293716 -4.0 1.0
color 0.0 1.0 0.0
sphere -2.4551475226749755 -2.5 -4.0 0.5
color 0.0 0.0 1.0
sphere -1.5936821350605008 -0.7197203151822302 -6.2189031317730405 0.5
color 0.4 0.4 0.4
sphere 0.0 2.0000000000000027 -4.0 1.0
color 0.4 0.4 0.4
sphere 0.0 -3.5 -4.0 2.0

plane 0 1 0 3
plane 0 0 1 8

color .6 .7 .8
sun 1 1 .5
color .4 .3 .2
sun -.5 1 0

color 1 0 0

color 0 1 0

color 0 0 1

color .4 .4 .4

color 1.0 0.0 0.0
sphere -1.7309561077853335 -0.6600234881293716 -4.0 1.0
color 0.0 1.0 0.0
sphere -2.4551475226749755 -2.5 -4.0 0.5
color 0.0 0.0 1.0
sphere -1.5936821350605008 -0.7197203151822302 -6.2189031317730405 0.5
color 0.4 0.4 0.4
sphere 0.0 2.0000000000000027 -4.0 1.0
color 0.4 0.4 0.4
sphere 0.0 -3.5 -4.0 2.0

plane 0 1 0 3
plane 0 0 1 8

color .6 .7 .8
sun 1 1 .5
color .4 .3 .2
sun -.5 1 0

color 1 0 0

color 0 1 0

color 0 0 1

color .4 .4 .4

color 1.0 0.0 0.0
sphere -1.7309561077853335 -0.6600234881293716 -4.0 1.0
color 0.0 1.0 0.0
sphere -2.4551475226749755 -2.5 -4.0 0.5
color 0.0 0.0 1.0
sphere -1.5936821350605008 -0.7197203151822302 -6.2189031317730405 0.5
color 0.4 0.4 0.4
sphere 0.0 2.0000000000000027 -4.0 1.0
color 0.4 0.4 0.4
sphere 0.0 -3.5 -4.0 2.0
